P2: 7.070912000000e+02 0.000000000000e+00 6.018873000000e+02 4.688783000000e+01 0.000000000000e+00 7.070912000000e+02 1.831104000000e+02 1.178601000000e-01 0.000000000000e+00 0.000000000000e+00 1.000000000000e+00 6.203223000000e-03
D: 0
Tr: -1.857739385241e-03 -9.999659513510e-01 -8.039975204516e-03 -4.784029760483e-03 -6.481465826011e-03 8.051860151134e-03 -9.999466081774e-01 -7.337429464231e-02 9.999773098287e-01 -1.805528627661e-03 -6.496203536139e-03 -3.339968064433e-01
