2021-10-26-16-21-29-468 1.000000000 -0.000014703 -0.000006041 0.000061155 0.000014701 1.000000000 0.000004847 0.000095810 0.000006040 -0.000004848 1.000000000 -0.000077579
2021-10-26-16-21-29-568 1.000000000 -0.000031664 -0.000008898 0.000128502 0.000031662 0.999999999 0.000015638 0.000167453 0.000008897 -0.000015638 1.000000000 -0.000122059
2021-10-26-16-21-29-668 0.999999999 -0.000045933 -0.000007882 0.000180359 0.000045932 0.999999998 0.000021805 0.000222766 0.000007880 -0.000021806 1.000000000 -0.000165848
2021-10-26-16-21-29-768 0.999999999 -0.000041261 -0.000027162 0.000239026 0.000041262 0.999999999 0.000018145 0.000246697 0.000027160 -0.000018147 1.000000000 -0.000183308
2021-10-26-16-21-29-868 0.999999998 -0.000042473 -0.000031967 0.000284297 0.000042475 0.999999999 0.000031380 0.000281522 0.000031965 -0.000031382 1.000000000 -0.000197218
2021-10-26-16-21-29-969 0.999999998 -0.000051298 -0.000034643 0.000314884 0.000051298 0.999999999 0.000027465 0.000300088 0.000034642 -0.000027466 1.000000000 -0.000183383
2021-10-26-16-21-30-069 0.999999994 0.000017438 -0.000109220 0.000357117 -0.000017430 0.999999998 0.000070503 0.000306462 0.000109220 -0.000070502 0.999999992 -0.000212642
2021-10-26-16-21-30-169 0.999999993 0.000012150 -0.000111061 0.000395859 -0.000012144 0.999999998 0.000062886 0.000302886 0.000111061 -0.000062885 0.999999992 -0.000278451
2021-10-26-16-21-30-269 0.999999994 0.000011799 -0.000111162 0.000396371 -0.000011791 0.999999997 0.000079651 0.000336045 0.000111162 -0.000079651 0.999999991 -0.000316133
2021-10-26-16-21-30-369 0.999999994 0.000004098 -0.000113671 0.000391130 -0.000004090 0.999999998 0.000068423 0.000320036 0.000113671 -0.000068423 0.999999992 -0.000351456
2021-10-26-16-21-30-469 0.999999996 0.000009339 -0.000085276 0.000379674 -0.000009335 0.999999999 0.000045825 0.000269182 0.000085275 -0.000045825 0.999999996 -0.000403338
2021-10-26-16-21-30-569 0.999999995 0.000014671 -0.000093151 0.000315859 -0.000014665 0.999999997 0.000079398 0.000295576 0.000093152 -0.000079397 0.999999993 -0.000360448
2021-10-26-16-21-30-669 0.999999996 0.000003873 -0.000094515 0.000205954 -0.000003865 0.999999995 0.000097943 0.000330650 0.000094515 -0.000097943 0.999999992 -0.000310135
2021-10-26-16-21-30-769 0.999999997 -0.000003392 -0.000077103 0.000103745 0.000003396 0.999999998 0.000072410 0.000275039 0.000077101 -0.000072411 0.999999995 -0.000314139
2021-10-26-16-21-30-869 0.999999998 -0.000007646 -0.000062960 0.000014763 0.000007649 0.999999998 0.000055487 0.000254594 0.000062959 -0.000055488 0.999999997 -0.000313598
2021-10-26-16-21-30-969 0.999999998 -0.000002819 -0.000064039 -0.000156545 0.000002823 0.999999997 0.000071496 0.000288942 0.000064038 -0.000071496 0.999999996 -0.000259362
2021-10-26-16-21-31-069 0.999999999 0.000006853 0.000029310 -0.000237999 -0.000006857 0.999999996 0.000094805 0.000205573 -0.000029310 -0.000094806 0.999999995 -0.000340812
2021-10-26-16-21-31-169 0.999999999 0.000017497 0.000044342 -0.000121104 -0.000017501 0.999999997 0.000065165 0.000081581 -0.000044342 -0.000065166 0.999999997 -0.000545356
2021-10-26-16-21-31-269 0.999999999 0.000005099 0.000030635 -0.000015299 -0.000005102 0.999999997 0.000072423 0.000045618 -0.000030634 -0.000072424 0.999999997 -0.000682752
2021-10-26-16-21-31-369 0.999999999 -0.000007577 0.000023681 0.000067894 0.000007574 0.999999997 0.000083647 -0.000007890 -0.000023681 -0.000083648 0.999999996 -0.000817846
2021-10-26-16-21-31-469 0.999999999 -0.000008017 0.000022257 0.000168060 0.000008015 0.999999997 0.000074080 -0.000142615 -0.000022259 -0.000074080 0.999999997 -0.000975222
2021-10-26-16-21-31-569 1.000000000 -0.000007658 0.000035850 0.000280137 0.000007654 0.999999997 0.000074327 -0.000214063 -0.000035851 -0.000074328 0.999999997 -0.001084619
2021-10-26-16-21-31-669 0.999999999 -0.000026274 0.000054958 0.000392770 0.000026268 0.999999995 0.000087351 -0.000262007 -0.000054960 -0.000087350 0.999999995 -0.001170761
2021-10-26-16-21-31-770 1.000000000 -0.000013868 0.000025398 0.000454642 0.000013866 0.999999997 0.000074521 -0.000376187 -0.000025399 -0.000074521 0.999999997 -0.001259698
2021-10-26-16-21-31-870 1.000000000 -0.000034073 0.000016114 0.000552522 0.000034071 0.999999997 0.000063495 -0.000472610 -0.000016116 -0.000063494 0.999999999 -0.001339035
2021-10-26-16-21-31-970 0.999999999 -0.000043941 0.000014937 0.000658882 0.000043939 0.999999996 0.000076724 -0.000508236 -0.000014942 -0.000076724 0.999999998 -0.001333531
2021-10-26-16-21-32-070 1.000000000 -0.000000603 -0.000008903 0.000767816 0.000000603 0.999999997 0.000079115 -0.000574403 0.000008902 -0.000079115 0.999999997 -0.001406666
2021-10-26-16-21-32-170 0.999999999 -0.000005251 -0.000051513 0.000815356 0.000005255 0.999999997 0.000075510 -0.000645671 0.000051511 -0.000075510 0.999999997 -0.001586489
2021-10-26-16-21-32-270 0.999999998 -0.000014624 -0.000056637 0.000870915 0.000014629 0.999999995 0.000097056 -0.000672679 0.000056635 -0.000097057 0.999999994 -0.001728383
2021-10-26-16-21-32-370 0.999999999 -0.000011381 -0.000052262 0.000927934 0.000011387 0.999999994 0.000105059 -0.000704879 0.000052260 -0.000105060 0.999999993 -0.001839631
2021-10-26-16-21-32-470 1.000000000 -0.000024379 -0.000025307 0.000960566 0.000024381 0.999999996 0.000089878 -0.000791631 0.000025305 -0.000089879 0.999999996 -0.001985943
2021-10-26-16-21-32-570 0.999999998 -0.000018083 -0.000055205 0.000909741 0.000018088 0.999999995 0.000102632 -0.000854188 0.000055202 -0.000102634 0.999999993 -0.002122589
2021-10-26-16-21-32-670 0.999999998 -0.000018628 -0.000056505 0.000877466 0.000018635 0.999999992 0.000130871 -0.000900477 0.000056502 -0.000130872 0.999999991 -0.002227461
2021-10-26-16-21-32-770 1.000000000 -0.000019295 -0.000038191 0.000824142 0.000019299 0.999999990 0.000137222 -0.000983655 0.000038187 -0.000137222 0.999999990 -0.002350923
2021-10-26-16-21-32-870 0.999999999 -0.000024148 -0.000044613 0.000702139 0.000024154 0.999999990 0.000138398 -0.001088012 0.000044609 -0.000138399 0.999999990 -0.002444853
2021-10-26-16-21-32-970 0.999999999 -0.000039860 -0.000034073 0.000539783 0.000039863 0.999999991 0.000130060 -0.001196926 0.000034067 -0.000130061 0.999999991 -0.002536952
2021-10-26-16-21-33-070 0.999999998 0.000000218 0.000064281 0.000481570 -0.000000224 0.999999996 0.000089392 -0.001171720 -0.000064282 -0.000089391 0.999999994 -0.002617714
2021-10-26-16-21-33-170 0.999999994 0.000007446 0.000110458 0.000569284 -0.000007458 0.999999996 0.000098032 -0.000944804 -0.000110459 -0.000098033 0.999999990 -0.002629948
2021-10-26-16-21-33-270 0.999999997 0.000000194 0.000082265 0.000628055 -0.000000202 0.999999995 0.000107390 -0.000741012 -0.000082265 -0.000107391 0.999999991 -0.002733907
2021-10-26-16-21-33-371 0.999999999 -0.000023909 -0.000026280 0.000590870 0.000023912 0.999999996 0.000084240 -0.000618667 0.000026277 -0.000084241 0.999999996 -0.002746486
2021-10-26-16-21-33-471 1.000000000 -0.000011148 0.000032108 0.000668721 0.000011144 0.999999997 0.000082243 -0.000439382 -0.000032109 -0.000082243 0.999999997 -0.002792709
2021-10-26-16-21-33-571 0.999999997 0.000000851 0.000085847 0.000806314 -0.000000859 0.999999996 0.000089948 -0.000206781 -0.000085847 -0.000089948 0.999999993 -0.002820305
2021-10-26-16-21-33-671 1.000000000 -0.000018442 0.000021616 0.000751400 0.000018440 0.999999997 0.000082597 -0.000020958 -0.000021618 -0.000082597 0.999999997 -0.002782298
2021-10-26-16-21-33-771 1.000000000 -0.000020479 0.000002785 0.000718281 0.000020478 0.999999998 0.000058476 0.000126961 -0.000002786 -0.000058476 0.999999998 -0.002849684
2021-10-26-16-21-33-871 0.999999999 -0.000009471 0.000038420 0.000797906 0.000009467 0.999999997 0.000074135 0.000362511 -0.000038422 -0.000074134 0.999999997 -0.002821732
2021-10-26-16-21-33-971 0.999999998 -0.000008055 0.000052767 0.000782715 0.000008050 0.999999995 0.000087827 0.000560351 -0.000052769 -0.000087827 0.999999995 -0.002757647
2021-10-26-16-21-34-071 0.999999987 -0.000022989 0.000162692 0.000723371 0.000022980 0.999999998 0.000050488 0.000685081 -0.000162693 -0.000050485 0.999999986 -0.002781503
2021-10-26-16-21-34-171 0.999999981 -0.000041094 0.000190168 0.000673762 0.000041085 0.999999998 0.000042226 0.000763121 -0.000190170 -0.000042219 0.999999981 -0.002769916
2021-10-26-16-21-34-271 0.999999968 -0.000047268 0.000249661 0.000694186 0.000047258 0.999999998 0.000037472 0.000903850 -0.000249663 -0.000037460 0.999999969 -0.002728739
2021-10-26-16-21-34-371 0.999999962 -0.000057054 0.000272436 0.000655882 0.000057043 0.999999998 0.000036355 0.001008834 -0.000272439 -0.000036340 0.999999963 -0.002737006
2021-10-26-16-21-34-471 0.999999965 -0.000068817 0.000252563 0.000508729 0.000068810 0.999999998 0.000024575 0.001038436 -0.000252566 -0.000024558 0.999999968 -0.002745988
2021-10-26-16-21-34-571 0.999999963 -0.000077119 0.000258782 0.000453496 0.000077119 0.999999997 -0.000005973 0.001097109 -0.000258782 0.000005993 0.999999967 -0.002784234
2021-10-26-16-21-34-671 0.999999954 -0.000082294 0.000292126 0.000381415 0.000082288 0.999999997 0.000013148 0.001222334 -0.000292128 -0.000013124 0.999999958 -0.002772173
2021-10-26-16-21-34-772 0.999999961 -0.000091985 0.000261539 0.000269095 0.000091975 0.999999995 0.000036196 0.001374619 -0.000261543 -0.000036172 0.999999965 -0.002687950
2021-10-26-16-21-34-872 0.999999969 -0.000103819 0.000224094 0.000127705 0.000103814 0.999999995 0.000017014 0.001462034 -0.000224096 -0.000016990 0.999999976 -0.002689469
2021-10-26-16-21-34-972 0.999999963 -0.000103333 0.000251760 0.000085078 0.000103339 0.999999995 -0.000025179 0.001451599 -0.000251758 0.000025205 0.999999969 -0.002692940
2021-10-26-16-21-35-072 0.999999985 -0.000062304 0.000160902 0.000051596 0.000062307 0.999999998 -0.000024262 0.001532051 -0.000160901 0.000024272 0.999999987 -0.002707523
2021-10-26-16-21-35-172 0.999999990 -0.000068772 0.000128419 0.000000100 0.000068772 0.999999997 -0.000009287 0.001584766 -0.000128419 0.000009296 0.999999993 -0.002827797
2021-10-26-16-21-35-272 0.999999981 -0.000071376 0.000182695 0.000044377 0.000071377 0.999999997 -0.000011868 0.001608836 -0.000182695 0.000011881 0.999999984 -0.002920033
2021-10-26-16-21-35-372 0.999999979 -0.000065090 0.000196652 -0.000013027 0.000065099 0.999999997 -0.000047020 0.001587922 -0.000196651 0.000047033 0.999999979 -0.003023465
2021-10-26-16-21-35-472 0.999999984 -0.000085348 0.000159668 -0.000095063 0.000085358 0.999999995 -0.000064387 0.001614345 -0.000159663 0.000064400 0.999999985 -0.003167401
2021-10-26-16-21-35-572 0.999999984 -0.000071227 0.000165784 -0.000159309 0.000071230 0.999999997 -0.000032007 0.001656289 -0.000165783 0.000032019 0.999999986 -0.003217746
2021-10-26-16-21-35-672 0.999999981 -0.000066282 0.000185785 -0.000175319 0.000066296 0.999999995 -0.000079206 0.001557288 -0.000185781 0.000079219 0.999999980 -0.003350098
2021-10-26-16-21-35-772 0.999999987 -0.000076508 0.000141909 -0.000287879 0.000076518 0.999999995 -0.000072702 0.001497221 -0.000141905 0.000072713 0.999999988 -0.003484535
2021-10-26-16-21-35-872 0.999999986 -0.000080419 0.000149996 -0.000356594 0.000080425 0.999999996 -0.000048418 0.001419017 -0.000149993 0.000048431 0.999999988 -0.003647246
2021-10-26-16-21-35-972 0.999999981 -0.000069740 0.000181508 -0.000388067 0.000069754 0.999999994 -0.000085264 0.001294770 -0.000181503 0.000085277 0.999999981 -0.003810066
2021-10-26-16-21-36-072 0.999999965 -0.000085722 0.000252291 -0.000458221 0.000085706 0.999999995 0.000061911 0.001217540 -0.000252296 -0.000061889 0.999999967 -0.003874960
2021-10-26-16-21-36-172 0.999999973 -0.000078180 0.000219499 -0.000387785 0.000078167 0.999999995 0.000056258 0.001288769 -0.000219505 -0.000056241 0.999999975 -0.003874845
2021-10-26-16-21-36-272 0.999999965 -0.000088909 0.000247870 -0.000303378 0.000088887 0.999999992 0.000084577 0.001240315 -0.000247878 -0.000084555 0.999999967 -0.003780386
2021-10-26-16-21-36-372 0.999999970 -0.000082765 0.000227557 -0.000297763 0.000082759 0.999999996 0.000025766 0.001116351 -0.000227560 -0.000025748 0.999999974 -0.003816075
2021-10-26-16-21-36-472 0.999999957 -0.000077996 0.000281167 -0.000283562 0.000077969 0.999999993 0.000093952 0.001232140 -0.000281175 -0.000093930 0.999999957 -0.003753555
2021-10-26-16-21-36-573 0.999999960 -0.000115760 0.000255659 -0.000312421 0.000115725 0.999999984 0.000134024 0.001510994 -0.000255675 -0.000133993 0.999999959 -0.003661451
2021-10-26-16-21-36-673 0.999999966 -0.000099772 0.000244618 -0.000411671 0.000099741 0.999999988 0.000121862 0.001309075 -0.000244631 -0.000121838 0.999999964 -0.003706614
2021-10-26-16-21-36-773 0.999999963 -0.000065753 0.000266242 -0.000561640 0.000065818 0.999999968 -0.000242036 0.001929193 -0.000266227 0.000242054 0.999999936 -0.004321929
2021-10-26-16-21-36-873 0.999999979 -0.000072125 0.000190629 -0.000639357 0.000072308 0.999999536 -0.000960430 0.005387815 -0.000190560 0.000960443 0.999999521 -0.005719729
2021-10-26-16-21-36-973 0.999999986 -0.000086712 0.000140933 -0.000856833 0.000087003 0.999997854 -0.002069744 0.013908121 -0.000140754 0.002069755 0.999997849 -0.007763626
2021-10-26-16-21-37-072 0.999999995 -0.000010818 -0.000101890 -0.001113501 0.000010490 0.999994869 -0.003203778 0.030114927 0.000101923 0.003203776 0.999994863 -0.009537669
2021-10-26-16-21-37-173 0.999999990 -0.000015027 -0.000138610 -0.001065178 0.000014482 0.999992255 -0.003935956 0.055196000 0.000138667 0.003935953 0.999992245 -0.010454737
2021-10-26-16-21-37-273 0.999999992 0.000019074 -0.000124675 -0.000953798 -0.000019609 0.999990805 -0.004288125 0.089627968 0.000124591 0.004288127 0.999990799 -0.010760851
2021-10-26-16-21-37-373 0.999999973 0.000158200 -0.000170534 -0.000988989 -0.000158977 0.999989587 -0.004560759 0.133046735 0.000169810 0.004560787 0.999989586 -0.011086459
2021-10-26-16-21-37-473 0.999999952 0.000209423 -0.000227702 -0.000919159 -0.000210515 0.999988483 -0.004794929 0.186101071 0.000226694 0.004794977 0.999988479 -0.011488581
2021-10-26-16-21-37-573 0.999999917 0.000332007 -0.000236278 -0.000795162 -0.000333209 0.999986934 -0.005100978 0.250544094 0.000234580 0.005101056 0.999986963 -0.012170976
2021-10-26-16-21-37-673 0.999999830 0.000537749 -0.000221846 -0.000603940 -0.000538948 0.999985093 -0.005433539 0.324597581 0.000218919 0.005433657 0.999985214 -0.012982414
2021-10-26-16-21-37-773 0.999999714 0.000731581 -0.000193355 -0.000387264 -0.000732669 0.999983607 -0.005678883 0.411661041 0.000189197 0.005679024 0.999983857 -0.013666867
2021-10-26-16-21-37-873 0.999999424 0.001022734 -0.000327814 -0.000224918 -0.001024620 0.999982621 -0.005805728 0.509147465 0.000321870 0.005806061 0.999983093 -0.014066301
2021-10-26-16-21-37-973 0.999998741 0.001480609 -0.000570723 -0.000346853 -0.001483993 0.999981050 -0.005974712 0.617819279 0.000561867 0.005975552 0.999981988 -0.014595754
2021-10-26-16-21-38-073 0.999998024 0.001761955 -0.000920834 -0.000028176 -0.001767600 0.999979435 -0.006164773 0.739928754 0.000909952 0.006166388 0.999980574 -0.015061104
2021-10-26-16-21-38-173 0.999998398 0.001654962 -0.000680962 0.001032855 -0.001659182 0.999979137 -0.006242877 0.870766773 0.000670615 0.006243997 0.999980282 -0.015125628
2021-10-26-16-21-38-273 0.999998906 0.001476306 -0.000091626 0.002504958 -0.001476870 0.999977806 -0.006496672 1.016097264 0.000082033 0.006496799 0.999978893 -0.015286558
2021-10-26-16-21-38-374 0.999999113 0.001264947 0.000417477 0.003806072 -0.001262139 0.999977034 -0.006658696 1.173072791 -0.000425892 0.006658164 0.999977744 -0.015726572
2021-10-26-16-21-38-474 0.999999740 0.000711103 0.000126307 0.004861565 -0.000710237 0.999977104 -0.006729457 1.340663642 -0.000131090 0.006729366 0.999977350 -0.015979260
2021-10-26-16-21-38-573 0.999999979 0.000059859 0.000195454 0.005316023 -0.000058548 0.999977495 -0.006708634 1.521609733 -0.000195852 0.006708622 0.999977478 -0.015775704
2021-10-26-16-21-38-673 0.999999883 -0.000482282 0.000007291 0.005516952 0.000482320 0.999975672 -0.006958757 1.713206055 -0.000003936 0.006958760 0.999975788 -0.016465378
2021-10-26-16-21-38-773 0.999998577 -0.001612306 0.000497345 0.006372940 0.001615586 0.999976471 -0.006666733 1.919654828 -0.000486586 0.006667527 0.999977654 -0.016632990
2021-10-26-16-21-38-873 0.999993878 -0.003282665 0.001211532 0.007275762 0.003289182 0.999979913 -0.005417984 2.130639101 -0.001193723 0.005421936 0.999984589 -0.015494972
2021-10-26-16-21-38-974 0.999983312 -0.005547264 0.001613369 0.007294542 0.005554363 0.999974761 -0.004430165 2.348443569 -0.001588754 0.004439053 0.999988886 -0.014537827
2021-10-26-16-21-39-074 0.999960986 -0.008686965 0.001601039 0.006903909 0.008693327 0.999954168 -0.004010938 2.571673070 -0.001566123 0.004024700 0.999990675 -0.014458312
2021-10-26-16-21-39-174 0.999911787 -0.013184684 0.001606999 0.005845206 0.013191282 0.999904309 -0.004166914 2.793963565 -0.001551907 0.004187744 0.999990028 -0.015639287
2021-10-26-16-21-39-274 0.999820341 -0.018888286 0.001587242 0.003780161 0.018894953 0.999812246 -0.004295934 3.024391707 -0.001505802 0.004325152 0.999989513 -0.016828467
2021-10-26-16-21-39-374 0.999665139 -0.025796610 0.002036314 0.000631561 0.025805149 0.999657805 -0.004285482 3.255052747 -0.001925068 0.004336594 0.999988744 -0.017744644
2021-10-26-16-21-39-474 0.999425436 -0.033815700 0.002301197 -0.004430638 0.033826662 0.999415678 -0.004904997 3.488803016 -0.002133988 0.004980020 0.999985323 -0.019389656
2021-10-26-16-21-39-574 0.999066990 -0.043107737 0.002621664 -0.011753147 0.043120698 0.999056816 -0.005107198 3.730078710 -0.002399032 0.005215481 0.999983522 -0.020916024
2021-10-26-16-21-39-674 0.998579566 -0.053217857 0.002590456 -0.021445573 0.053228765 0.998572906 -0.004341786 3.970373285 -0.002355699 0.004473505 0.999987220 -0.021706283
2021-10-26-16-21-39-774 0.997925174 -0.064341208 0.002357250 -0.034086631 0.064351126 0.997917591 -0.004406025 4.219181864 -0.002068853 0.004548574 0.999987516 -0.023521736
2021-10-26-16-21-39-874 0.997096144 -0.076104841 0.002707781 -0.049348096 0.076116863 0.997088038 -0.004654854 4.467631057 -0.002345639 0.004847444 0.999985500 -0.024702882
2021-10-26-16-21-39-974 0.996029201 -0.088970183 0.003183844 -0.067413288 0.088984340 0.996022302 -0.004621669 4.719044310 -0.002759991 0.004886629 0.999984252 -0.024817996
2021-10-26-16-21-40-074 0.994652506 -0.103189128 0.004289024 -0.089442835 0.103208702 0.994648971 -0.004624692 4.977813483 -0.003788856 0.005042624 0.999980109 -0.025425384
2021-10-26-16-21-40-174 0.992895800 -0.118874194 0.005182269 -0.114601770 0.118900718 0.992892787 -0.005151011 5.234889564 -0.004533115 0.005730592 0.999973306 -0.026202149
2021-10-26-16-21-40-274 0.990641158 -0.136380594 0.005516455 -0.145403252 0.136409119 0.990639077 -0.005174019 5.499517735 -0.004759181 0.005878092 0.999971399 -0.026085917
2021-10-26-16-21-40-374 0.987941884 -0.154724645 0.005578352 -0.181324820 0.154755057 0.987937522 -0.005506948 5.762190685 -0.004659003 0.006303823 0.999969278 -0.026635441
2021-10-26-16-21-40-474 0.984669804 -0.174345390 0.005390995 -0.222199073 0.174374815 0.984663560 -0.005576542 6.026233063 -0.004336073 0.006431107 0.999969920 -0.026426160
2021-10-26-16-21-40-574 0.980749998 -0.195203015 0.005022380 -0.269722927 0.195228967 0.980743196 -0.005332444 6.295400324 -0.003884756 0.006210308 0.999973171 -0.025365418
2021-10-26-16-21-40-674 0.976167784 -0.216932341 0.006067789 -0.321393125 0.216962270 0.976168187 -0.004800490 6.560131764 -0.004881802 0.006002564 0.999970069 -0.024748502
2021-10-26-16-21-40-775 0.970670528 -0.240300800 0.007365641 -0.380818706 0.240337370 0.970678749 -0.004551370 6.833217957 -0.006055974 0.006188119 0.999962516 -0.024932954
2021-10-26-16-21-40-875 0.964541145 -0.263795397 0.008507023 -0.445941639 0.263841696 0.964553761 -0.004858309 7.099034571 -0.006923882 0.006930547 0.999952013 -0.025262304
2021-10-26-16-21-40-975 0.957575531 -0.288052304 0.008658641 -0.518059312 0.288101464 0.957586448 -0.005073586 7.364453773 -0.006829940 0.007352909 0.999949642 -0.024787714
2021-10-26-16-21-41-075 0.949908180 -0.312435723 0.007639980 -0.599323740 0.312478086 0.949910998 -0.005151965 7.632194662 -0.005647644 0.007281220 0.999957544 -0.023384263
2021-10-26-16-21-41-175 0.941958855 -0.335669826 0.006267647 -0.686503215 0.335703012 0.941952948 -0.005303939 7.892485549 -0.004123457 0.007100160 0.999966292 -0.020882152
2021-10-26-16-21-41-275 0.933040141 -0.359715236 0.006406638 -0.781443173 0.359748051 0.933036033 -0.005009926 8.157154700 -0.004175477 0.006979238 0.999966928 -0.017534246
2021-10-26-16-21-41-375 0.923468333 -0.383605328 0.007293175 -0.880718640 0.383642006 0.923470880 -0.004510542 8.417300385 -0.005004768 0.006963311 0.999963232 -0.015191694
2021-10-26-16-21-41-475 0.913475376 -0.406803131 0.008599466 -0.987857404 0.406848304 0.913485528 -0.004318328 8.675853597 -0.006098780 0.007443364 0.999953700 -0.013630231
2021-10-26-16-21-41-575 0.902533042 -0.430514551 0.009556640 -1.103293224 0.430568150 0.902547233 -0.004422685 8.936302752 -0.006721289 0.008106404 0.999944554 -0.011055732
2021-10-26-16-21-41-675 0.891160726 -0.453580309 0.009872348 -1.224061329 0.453636591 0.891176006 -0.004378381 9.189295786 -0.006812053 0.008380301 0.999941682 -0.007838252
2021-10-26-16-21-41-775 0.879209289 -0.476342173 0.009442446 -1.355544719 0.476397157 0.879217652 -0.004697852 9.444945339 -0.006064180 0.008628750 0.999944384 -0.005131465
2021-10-26-16-21-41-875 0.866823974 -0.498535726 0.008850263 -1.491937305 0.498586350 0.866826731 -0.004803019 9.694857290 -0.005277169 0.008575994 0.999949301 -0.002441582
2021-10-26-16-21-41-975 0.853885960 -0.520394976 0.008236251 -1.635685518 0.520440343 0.853884601 -0.004789255 9.942902784 -0.004540505 0.008375956 0.999954613 -0.000079749
2021-10-26-16-21-42-075 0.840519834 -0.541723027 0.007910146 -1.789071790 0.541764865 0.840517455 -0.004608603 10.192885821 -0.004152029 0.008159062 0.999958095 0.001626628
2021-10-26-16-21-42-175 0.826816041 -0.562417556 0.007856614 -1.946082776 0.562461293 0.826806907 -0.005256778 10.437170275 -0.003539399 0.008765429 0.999955320 0.001270986
2021-10-26-16-21-42-275 0.812578101 -0.582803733 0.007525945 -2.113480601 0.582845398 0.812563648 -0.005617687 10.683146089 -0.002841301 0.008951271 0.999955901 0.001055459
2021-10-26-16-21-42-375 0.798733115 -0.601648168 0.006700229 -2.285040209 0.601681851 0.798717425 -0.005424451 10.922393530 -0.002087979 0.008364096 0.999962841 0.001680601
2021-10-26-16-21-42-476 0.785283224 -0.619110000 0.005750257 -2.464754222 0.619135681 0.785264933 -0.005476744 11.160992189 -0.001124769 0.007860985 0.999968469 0.002851178
2021-10-26-16-21-42-576 0.772624973 -0.634846573 0.004525350 -2.651208876 0.634862459 0.772598820 -0.006381466 11.396810314 0.000554971 0.007803455 0.999969399 0.003830702
2021-10-26-16-21-42-676 0.761069008 -0.648663748 0.003050662 -2.838748126 0.648666222 0.761037178 -0.007385515 11.624844286 0.002469048 0.007599749 0.999968074 0.003713356
2021-10-26-16-21-42-776 0.750677384 -0.660666339 0.001858734 -3.033863075 0.660655612 0.750641376 -0.008466897 11.854067672 0.004198551 0.007583891 0.999962428 0.003023085
2021-10-26-16-21-42-876 0.742171509 -0.670209067 0.001121096 -3.228719429 0.670191418 0.742137430 -0.008689042 12.077193309 0.004991467 0.007200109 0.999961621 0.003132232
2021-10-26-16-21-42-976 0.735553243 -0.677466313 0.000907015 -3.425595218 0.677449302 0.735523802 -0.008196452 12.298835103 0.004885689 0.006643384 0.999965998 0.004158742
2021-10-26-16-21-43-076 0.731216848 -0.682145065 -0.000177621 -3.627713468 0.682117769 0.731189871 -0.008759019 12.519156549 0.006104796 0.006283583 0.999961624 0.005792180
2021-10-26-16-21-43-176 0.728786536 -0.684739415 -0.001455609 -3.826473838 0.684696455 0.728761756 -0.009852228 12.732265669 0.007807000 0.006183522 0.999950407 0.006346747
2021-10-26-16-21-43-276 0.727743782 -0.685845582 -0.002197131 -4.028583360 0.685796016 0.727723578 -0.010110294 12.949130112 0.008533004 0.005850920 0.999946476 0.007292284
2021-10-26-16-21-43-376 0.727930214 -0.685647028 -0.002399049 -4.226573085 0.685598618 0.727913251 -0.009840480 13.162051714 0.008493395 0.005518397 0.999948704 0.008950043
2021-10-26-16-21-43-476 0.729561225 -0.683907815 -0.003243169 -4.424554352 0.683852738 0.729550313 -0.010088247 13.374576060 0.009265485 0.005142144 0.999943854 0.011099188
2021-10-26-16-21-43-576 0.733596594 -0.679567413 -0.004916433 -4.626591291 0.679482244 0.733592186 -0.012098920 13.589967138 0.011828686 0.005535098 0.999914720 0.011443331
2021-10-26-16-21-43-676 0.739586187 -0.673038909 -0.005558603 -4.823795058 0.672924300 0.739576778 -0.014109447 13.804436074 0.013607220 0.006694633 0.999885006 0.010291121
2021-10-26-16-21-43-776 0.747635695 -0.664087620 -0.005338670 -5.023391087 0.663972016 0.747620557 -0.014306098 14.028293454 0.013491802 0.007151022 0.999883410 0.010264688
2021-10-26-16-21-43-877 0.757503628 -0.652810934 -0.005112425 -5.219968141 0.652704824 0.757487984 -0.013724663 14.256175866 0.012832209 0.007059578 0.999892743 0.011399433
2021-10-26-16-21-43-977 0.769503023 -0.638616590 -0.005826577 -5.414726233 0.638509577 0.769496637 -0.013432974 14.488051935 0.013062051 0.006616389 0.999892798 0.013407626
2021-10-26-16-21-44-077 0.784057150 -0.620635918 -0.008089642 -5.612670600 0.620496108 0.784071972 -0.014687504 14.728776841 0.015458454 0.006496252 0.999859407 0.013744803
2021-10-26-16-21-44-177 0.799310409 -0.600844045 -0.009450158 -5.805266706 0.600679263 0.799337152 -0.015637784 14.972824151 0.016949731 0.006822931 0.999833063 0.012661440
2021-10-26-16-21-44-277 0.815829807 -0.578199747 -0.010333351 -5.996826795 0.578032942 0.815868908 -0.015357200 15.230894922 0.017310189 0.006555844 0.999828675 0.012933377
2021-10-26-16-21-44-377 0.832922433 -0.553275022 -0.011268123 -6.179836604 0.553115294 0.832977952 -0.014532828 15.493464288 0.017426749 0.005872147 0.999830900 0.013620196
2021-10-26-16-21-44-477 0.850709843 -0.525497490 -0.012047904 -6.357542039 0.525343961 0.850777899 -0.013809091 15.765687970 0.017506732 0.005418236 0.999832065 0.013919022
2021-10-26-16-21-44-577 0.868851100 -0.494907344 -0.012825288 -6.529386930 0.494762285 0.868931923 -0.012945774 16.050138912 0.017551260 0.004902481 0.999833946 0.014236999
2021-10-26-16-21-44-677 0.886333892 -0.462845287 -0.013655538 -6.689084363 0.462704080 0.886427115 -0.012324951 16.337219846 0.017809183 0.004605550 0.999830797 0.014289763
2021-10-26-16-21-44-777 0.903811102 -0.427661277 -0.015209334 -6.842381108 0.427517288 0.903929161 -0.011876073 16.637670307 0.018827096 0.004231473 0.999813800 0.014593495
2021-10-26-16-21-44-877 0.920466982 -0.390455081 -0.016892771 -6.982305322 0.390316114 0.920615213 -0.010998152 16.940311627 0.019846025 0.003529913 0.999796817 0.014998165
2021-10-26-16-21-44-977 0.936084094 -0.351344631 -0.017421797 -7.110150745 0.351214588 0.936240145 -0.010134326 17.251784625 0.019871626 0.003367793 0.999796868 0.014730146
2021-10-26-16-21-45-077 0.950430114 -0.310468892 -0.017078205 -7.225569950 0.310349850 0.950576972 -0.009294622 17.573526072 0.019119838 0.003533670 0.999810955 0.014794189
2021-10-26-16-21-45-177 0.962949941 -0.269154350 -0.016832900 -7.326564706 0.269044616 0.963090049 -0.008517730 17.893507899 0.018504182 0.003673347 0.999822035 0.014652799
2021-10-26-16-21-45-277 0.973823852 -0.226708258 -0.016446040 -7.416017614 0.226605879 0.973954767 -0.007866786 18.226149929 0.017801164 0.003934095 0.999833807 0.014388280
2021-10-26-16-21-45-377 0.982522476 -0.185396359 -0.016666571 -7.490110442 0.185298655 0.982655578 -0.007240447 18.559132591 0.017719851 0.004025607 0.999834888 0.014408669
2021-10-26-16-21-45-477 0.989423863 -0.144080083 -0.016773472 -7.551017638 0.143988288 0.989557624 -0.006563620 18.898876746 0.017544004 0.004079017 0.999837772 0.014665121
2021-10-26-16-21-45-578 0.994628536 -0.102131716 -0.016828222 -7.598772915 0.102048124 0.994762813 -0.005755614 19.251262594 0.017327920 0.004007409 0.999841829 0.015556729
2021-10-26-16-21-45-678 0.997940793 -0.061588369 -0.017917770 -7.631387266 0.061502917 0.998092927 -0.005282171 19.597560905 0.018208918 0.004169296 0.999825511 0.015920419
2021-10-26-16-21-45-778 0.999630291 -0.019848628 -0.018582580 -7.650064755 0.019768336 0.999794485 -0.004494623 19.953833340 0.018667973 0.004125614 0.999817227 0.016128859
2021-10-26-16-21-45-878 0.999566740 0.022276327 -0.019237900 -7.653717222 -0.022349393 0.999743771 -0.003591325 20.305469742 0.019152968 0.004019724 0.999808486 0.016228272
2021-10-26-16-21-45-978 0.997686861 0.065246168 -0.019075267 -7.641870968 -0.065308395 0.997861592 -0.002656921 20.660379204 0.018861122 0.003896550 0.999814521 0.016576447
2021-10-26-16-21-46-077 0.994014565 0.107395030 -0.020033808 -7.614971759 -0.107458562 0.994207306 -0.002119022 21.017502528 0.019690186 0.004259142 0.999797058 0.017271650
2021-10-26-16-21-46-178 0.988365840 0.150783834 -0.019929954 -7.574535850 -0.150833168 0.988558739 -0.000987117 21.375477933 0.019553089 0.003981731 0.999800893 0.019284697
2021-10-26-16-21-46-278 0.980595917 0.195032964 -0.019844184 -7.517588556 -0.195056912 0.980791646 0.000740301 21.734576842 0.019607393 0.003144808 0.999802811 0.021214751
2021-10-26-16-21-46-378 0.971001734 0.238365580 -0.018370760 -7.444965904 -0.238370764 0.971172290 0.001939030 22.083627787 0.018303370 0.002496250 0.999829363 0.022257972
2021-10-26-16-21-46-478 0.959444589 0.281402732 -0.016690771 -7.355858681 -0.281399770 0.959587173 0.002574245 22.430811434 0.016740649 0.002226933 0.999857386 0.023039931
2021-10-26-16-21-46-578 0.945856083 0.324246348 -0.014851773 -7.250665033 -0.324240887 0.945970282 0.002841110 22.777561581 0.014970556 0.002128271 0.999885670 0.024469590
2021-10-26-16-21-46-678 0.930651101 0.365590840 -0.015227145 -7.133474965 -0.365565287 0.930774683 0.004528868 23.112510050 0.015828754 0.001351720 0.999873804 0.027232074
2021-10-26-16-21-46-778 0.913556731 0.406448363 -0.014622819 -6.998992180 -0.406397272 0.913673752 0.006444604 23.448754734 0.015979884 0.000055162 0.999872312 0.029668585
2021-10-26-16-21-46-878 0.895151232 0.445539057 -0.014114585 -6.852146682 -0.445463629 0.895261804 0.008273994 23.772151753 0.016322635 -0.001118941 0.999866151 0.030960528
2021-10-26-16-21-46-978 0.874828452 0.484268546 -0.012615632 -6.690755551 -0.484189181 0.874917748 0.008931344 24.090322222 0.015362808 -0.001705043 0.999880531 0.030859489
2021-10-26-16-21-47-078 0.853113348 0.521610291 -0.010968972 -6.511704998 -0.521537314 0.853181755 0.008928796 24.403608697 0.014015878 -0.001896547 0.999899974 0.030024026
2021-10-26-16-21-47-178 0.830770574 0.556550533 -0.008471124 -6.322417967 -0.556483980 0.830809019 0.009052829 24.702628843 0.012076242 -0.002806780 0.999923140 0.030297979
2021-10-26-16-21-47-278 0.807343348 0.590038758 -0.007140209 -6.117040608 -0.589967033 0.807365816 0.009966796 24.999425519 0.011645556 -0.003834140 0.999924838 0.030858907
2021-10-26-16-21-47-379 0.783425785 0.621444866 -0.007093517 -5.903078328 -0.621359494 0.783445805 0.011182631 25.285739552 0.012506775 -0.004353139 0.999912312 0.030050257
2021-10-26-16-21-47-478 0.759623190 0.650322440 -0.007302922 -5.681286139 -0.650227408 0.759646077 0.011922951 25.560300722 0.013301398 -0.004308391 0.999902251 0.028085198
2021-10-26-16-21-47-578 0.735773872 0.677198014 -0.006297703 -5.443597455 -0.677114366 0.735789186 0.011419692 25.830775389 0.012367174 -0.004138046 0.999914962 0.026349661
2021-10-26-16-21-47-678 0.713275351 0.700867873 -0.004743246 -5.200705220 -0.700805197 0.713280331 0.010160916 26.086629411 0.010504724 -0.003923439 0.999937127 0.024983127
2021-10-26-16-21-47-778 0.691765343 0.722116725 -0.002853822 -4.944554846 -0.722076281 0.691760442 0.008563625 26.339245409 0.008158096 -0.003863342 0.999959260 0.023683297
2021-10-26-16-21-47-878 0.672047697 0.740504084 -0.002365263 -4.686716875 -0.740469322 0.672041878 0.008055909 26.580471935 0.007554990 -0.003662551 0.999964755 0.021711357
2021-10-26-16-21-47-979 0.652943423 0.757401045 -0.002922707 -4.419718566 -0.757355432 0.652939268 0.009113681 26.819361242 0.008811063 -0.003737192 0.999954199 0.019749696
2021-10-26-16-21-48-079 0.635501748 0.772094417 -0.002782095 -4.146916504 -0.772039649 0.635493256 0.010153913 27.052303198 0.009607782 -0.004304943 0.999944578 0.018088808
2021-10-26-16-21-48-179 0.620027084 0.784577824 -0.002013623 -3.874495588 -0.784525853 0.620012195 0.010201225 27.273552145 0.009252124 -0.004745298 0.999945939 0.016381912
2021-10-26-16-21-48-279 0.607063868 0.794653039 -0.000088319 -3.593069660 -0.794621747 0.607040941 0.008807679 27.491847143 0.007052662 -0.005276644 0.999961208 0.014920175
2021-10-26-16-21-48-379 0.597418936 0.801926303 0.002195295 -3.314903236 -0.801917692 0.597393308 0.007017945 27.700156628 0.004316419 -0.005953100 0.999972965 0.013817337
2021-10-26-16-21-48-479 0.591078896 0.806603888 0.003988318 -3.034638336 -0.806609145 0.591051592 0.006301047 27.906390328 0.002725147 -0.006941431 0.999972195 0.013266387
2021-10-26-16-21-48-579 0.588450128 0.808518664 0.004900656 -2.753012418 -0.808530414 0.588420271 0.006336717 28.112063337 0.002239709 -0.007691172 0.999967915 0.012333604
2021-10-26-16-21-48-679 0.590037807 0.807354948 0.005777060 -2.480292119 -0.807374189 0.590008202 0.006102467 28.310054284 0.001518345 -0.008264936 0.999964693 0.011932862
2021-10-26-16-21-48-779 0.595072742 0.803644883 0.006583004 -2.209130967 -0.803671471 0.595044602 0.005838558 28.508493380 0.000774946 -0.008764941 0.999961287 0.011326067
2021-10-26-16-21-48-879 0.602679361 0.797951810 0.007106197 -1.953742970 -0.797983238 0.602648791 0.006098091 28.698701304 0.000583441 -0.009345821 0.999956157 0.010387354
2021-10-26-16-21-48-979 0.611861451 0.790936238 0.006740257 -1.708430288 -0.790964252 0.611827306 0.006549750 28.885874442 0.001056562 -0.009338843 0.999955834 0.008562340
2021-10-26-16-21-49-079 0.622409457 0.782669205 0.005948368 -1.471331216 -0.782690128 0.622374391 0.006802932 29.070757477 0.001622333 -0.008889938 0.999959168 0.006139224
2021-10-26-16-21-49-179 0.633028522 0.774112601 0.004957110 -1.246579713 -0.774126610 0.632999971 0.006247268 29.248472774 0.001698239 -0.007792131 0.999968200 0.002958635
2021-10-26-16-21-49-279 0.644848636 0.764295732 0.004719184 -1.024224297 -0.764310208 0.644833193 0.004478852 29.427983652 0.000380082 -0.006495103 0.999978835 -0.000645923
2021-10-26-16-21-49-379 0.658422749 0.752627829 0.005552945 -0.811951430 -0.752645024 0.658423763 0.001901168 29.603337461 -0.002225319 -0.005431170 0.999982776 -0.004026960
2021-10-26-16-21-49-479 0.674065230 0.738649542 0.005737475 -0.604713503 -0.738663279 0.674074462 0.000425041 29.781754226 -0.003553529 -0.004524568 0.999983451 -0.007696765
2021-10-26-16-21-49-579 0.691342415 0.722508815 0.005165007 -0.403783547 -0.722520158 0.691349672 0.000502730 29.965421397 -0.003207599 -0.004079380 0.999986535 -0.010242686
2021-10-26-16-21-49-679 0.710173771 0.704010181 0.004783251 -0.213754644 -0.704021351 0.710178066 0.001025936 30.147039461 -0.002674690 -0.004096104 0.999988034 -0.011360448
2021-10-26-16-21-49-780 0.731005118 0.682353641 0.005002600 -0.025970227 -0.682364623 0.731011635 0.000715568 30.336028240 -0.003168689 -0.003936682 0.999987231 -0.012551739
2021-10-26-16-21-49-880 0.752434817 0.658645414 0.005297636 0.147717233 -0.658656355 0.752443760 0.000442064 30.521757526 -0.003695010 -0.003821946 0.999985871 -0.013808454
2021-10-26-16-21-49-980 0.775672207 0.631101557 0.006591810 0.313858178 -0.631116623 0.775687911 0.000269178 30.710698892 -0.004943309 -0.004368995 0.999978238 -0.013788011
2021-10-26-16-21-50-080 0.800606696 0.599137826 0.007923616 0.471402767 -0.599156120 0.800632211 -0.000081139 30.902795534 -0.006392515 -0.004682523 0.999968605 -0.014019755
2021-10-26-16-21-50-180 0.825337336 0.564572304 0.008740464 0.614424126 -0.564590733 0.825370899 -0.000427612 31.092801601 -0.007455543 -0.004581862 0.999961711 -0.014795690
2021-10-26-16-21-50-280 0.850446391 0.525987556 0.008833335 0.748929514 -0.526002217 0.850482857 -0.000759864 31.288628969 -0.007912279 -0.004000132 0.999960697 -0.016168722
2021-10-26-16-21-50-380 0.874195574 0.485493926 0.008817480 0.869094681 -0.485505782 0.874233007 -0.000885685 31.482873493 -0.008138527 -0.003506676 0.999960733 -0.017422005
2021-10-26-16-21-50-480 0.896780466 0.442396307 0.008384593 0.978884557 -0.442406003 0.896814556 -0.000761777 31.681371064 -0.007856432 -0.003026248 0.999964559 -0.019248224
2021-10-26-16-21-50-580 0.917570309 0.397504113 0.007430193 1.078140087 -0.397510565 0.917597367 -0.000650940 31.884195627 -0.007076677 -0.002356297 0.999972184 -0.020884130
2021-10-26-16-21-50-680 0.935826666 0.352384954 0.007300377 1.164709377 -0.352389642 0.935853131 -0.000676726 32.084799318 -0.007070549 -0.001939280 0.999973124 -0.021746875
2021-10-26-16-21-50-780 0.952324377 0.304975970 0.008242363 1.243116660 -0.304976746 0.952359051 -0.001193339 32.290227586 -0.008213629 -0.001377285 0.999965319 -0.022546995
2021-10-26-16-21-50-880 0.966214196 0.257593717 0.008695040 1.309258719 -0.257592670 0.966252778 -0.001259230 32.493532598 -0.008725976 -0.001023092 0.999961405 -0.023184972
2021-10-26-16-21-50-980 0.977824966 0.209270264 0.008018227 1.364166688 -0.209265813 0.977857791 -0.001399703 32.702552010 -0.008133603 -0.000309277 0.999966875 -0.024355268
2021-10-26-16-21-51-080 0.987091923 0.159965070 0.007791873 1.410191767 -0.159957782 0.987122634 -0.001553850 32.917797597 -0.007940097 0.000287422 0.999968436 -0.026290810
2021-10-26-16-21-51-180 0.993835582 0.110592676 0.007752192 1.445771659 -0.110582438 0.993865435 -0.001738341 33.132644035 -0.007896884 0.000870369 0.999968441 -0.028433053
2021-10-26-16-21-51-280 0.998182083 0.059769114 0.007757783 1.470724811 -0.059756425 0.998211260 -0.001857474 33.354207455 -0.007854927 0.001390520 0.999968183 -0.030120900
2021-10-26-16-21-51-380 0.999920174 0.009653531 0.008151982 1.484315022 -0.009638484 0.999951776 -0.001883259 33.573285542 -0.008169770 0.001804535 0.999965000 -0.031620221
2021-10-26-16-21-51-480 0.999144755 -0.040414393 0.008742720 1.487404188 0.040433649 0.999180149 -0.002037078 33.796952698 -0.008653225 0.002388836 0.999959707 -0.033985879
2021-10-26-16-21-51-581 0.995773547 -0.091327542 0.009711983 1.479530910 0.091350066 0.995817027 -0.001900644 34.025975460 -0.009497777 0.002779800 0.999951032 -0.035756638
2021-10-26-16-21-51-681 0.989967341 -0.140942804 0.009989500 1.460253458 0.140963110 0.990013921 -0.001355228 34.247779892 -0.009698736 0.002749782 0.999949186 -0.036777721
2021-10-26-16-21-51-781 0.981532848 -0.191069260 0.009263187 1.427897410 0.191087300 0.981572434 -0.001095073 34.472860727 -0.008883254 0.002844927 0.999956496 -0.038132060
2021-10-26-16-21-51-881 0.970774737 -0.239821549 0.009057370 1.385357299 0.239844637 0.970810064 -0.001539121 34.691872283 -0.008423872 0.003666500 0.999957798 -0.039947800
2021-10-26-16-21-51-981 0.957284255 -0.288977952 0.009929731 1.332477350 0.289004367 0.957326888 -0.001305969 34.911230285 -0.009128603 0.004119919 0.999949846 -0.041069201
2021-10-26-16-21-52-081 0.941523059 -0.336762015 0.011210450 1.268046139 0.336788479 0.941580195 -0.000506375 35.131965586 -0.010385011 0.004252313 0.999937033 -0.041444771
2021-10-26-16-21-52-181 0.923481611 -0.383446119 0.012279551 1.194050235 0.383477454 0.923550213 -0.000214388 35.346206882 -0.011258575 0.004906915 0.999924581 -0.041100180
2021-10-26-16-21-52-281 0.902558035 -0.430410870 0.011639508 1.107847307 0.430438884 0.902619717 0.000108548 35.560778850 -0.010552771 0.004912126 0.999932253 -0.040110061
2021-10-26-16-21-52-381 0.879962256 -0.474912650 0.011153616 1.011415964 0.474943009 0.880016552 -0.000083374 35.765645077 -0.009775772 0.005370698 0.999937793 -0.040078761
2021-10-26-16-21-52-481 0.854824352 -0.518812743 0.010424345 0.904278105 0.518842280 0.854869970 -0.000151793 35.968345756 -0.008832708 0.005538349 0.999945654 -0.040036873
