2021-10-26-16-21-29-468 0.867224097 -0.497912756 -0.002231453 -859.495720690 0.497822945 0.867138439 -0.015603181 -3012.998550932 0.009704000 0.012420651 0.999875950 18.008014554
2021-10-26-16-21-29-568 0.867215757 -0.497927319 -0.002223192 -859.495623915 0.497837686 0.867130117 -0.015595321 -3012.998545351 0.009693132 0.012417784 0.999876091 18.007957418
2021-10-26-16-21-29-668 0.867208724 -0.497939594 -0.002217061 -859.495550321 0.497850057 0.867123054 -0.015593124 -3012.998545109 0.009686896 0.012418795 0.999876138 18.007906446
2021-10-26-16-21-29-768 0.867210921 -0.497935713 -0.002229930 -859.495515284 0.497846160 0.867125559 -0.015578234 -3012.998568264 0.009690587 0.012399519 0.999876342 18.007893590
2021-10-26-16-21-29-868 0.867210437 -0.497936596 -0.002220828 -859.495450563 0.497847260 0.867125120 -0.015567475 -3012.998574079 0.009677349 0.012394710 0.999876530 18.007864067
2021-10-26-16-21-29-969 0.867205990 -0.497944321 -0.002225383 -859.495431076 0.497854932 0.867120723 -0.015567102 -3012.998581609 0.009681224 0.012392032 0.999876526 18.007882668
2021-10-26-16-21-30-069 0.867240317 -0.497884528 -0.002226572 -859.495363300 0.497795961 0.867156119 -0.015481035 -3012.998567087 0.009638551 0.012317465 0.999877860 18.007802277
2021-10-26-16-21-30-169 0.867237595 -0.497889235 -0.002233989 -859.495360533 0.497800555 0.867153442 -0.015483231 -3012.998600251 0.009646144 0.012315625 0.999877809 18.007745711
2021-10-26-16-21-30-269 0.867237599 -0.497889293 -0.002219499 -859.495311468 0.497800874 0.867153410 -0.015474791 -3012.998572311 0.009629377 0.012315518 0.999877971 18.007688011
2021-10-26-16-21-30-369 0.867233634 -0.497896152 -0.002230332 -859.495347726 0.497807565 0.867149508 -0.015478207 -3012.998572591 0.009640569 0.012313011 0.999877895 18.007666018
2021-10-26-16-21-30-469 0.867236133 -0.497891772 -0.002235876 -859.495401913 0.497802771 0.867151618 -0.015514083 -3012.998643356 0.009663176 0.012341414 0.999877327 18.007641210
2021-10-26-16-21-30-569 0.867239110 -0.497886699 -0.002210802 -859.495372695 0.497798235 0.867154643 -0.015490532 -3012.998547685 0.009629635 0.012333528 0.999877748 18.007643701
2021-10-26-16-21-30-669 0.867233927 -0.497895796 -0.002195195 -859.495382141 0.497807624 0.867149440 -0.015480107 -3012.998409135 0.009611040 0.012332155 0.999877944 18.007671286
2021-10-26-16-21-30-769 0.867230120 -0.497902369 -0.002208511 -859.495504354 0.497813765 0.867145418 -0.015507920 -3012.998379219 0.009636528 0.012349574 0.999877483 18.007697317
2021-10-26-16-21-30-869 0.867227887 -0.497906225 -0.002216052 -859.495579586 0.497817327 0.867143003 -0.015528610 -3012.998336501 0.009653424 0.012363720 0.999877145 18.007717683
2021-10-26-16-21-30-969 0.867230456 -0.497901809 -0.002202807 -859.495613859 0.497813162 0.867145554 -0.015519701 -3012.998163351 0.009637440 0.012362636 0.999877313 18.007752025
2021-10-26-16-21-31-069 0.867235957 -0.497892518 -0.002136284 -859.495628045 0.497804030 0.867149552 -0.015589018 -3012.998241001 0.009614131 0.012455972 0.999876379 18.007642756
2021-10-26-16-21-31-169 0.867241008 -0.497883639 -0.002154696 -859.495695836 0.497794654 0.867154434 -0.015616820 -3012.998454445 0.009643812 0.012471017 0.999875905 18.007474254
2021-10-26-16-21-31-269 0.867234850 -0.497894364 -0.002154991 -859.495682018 0.497805524 0.867148473 -0.015601316 -3012.998530285 0.009636503 0.012457304 0.999876147 18.007328550
2021-10-26-16-21-31-369 0.867228628 -0.497905229 -0.002148479 -859.495685389 0.497816582 0.867142334 -0.015589691 -3012.998600369 0.009625223 0.012450343 0.999876342 18.007180325
2021-10-26-16-21-31-469 0.867228301 -0.497905762 -0.002157472 -859.495764673 0.497816968 0.867142049 -0.015593223 -3012.998759364 0.009634789 0.012448924 0.999876267 18.007034799
2021-10-26-16-21-31-569 0.867228546 -0.497905366 -0.002150493 -859.495760576 0.497816546 0.867142082 -0.015604884 -3012.998909136 0.009634536 0.012462516 0.999876101 18.006925670
2021-10-26-16-21-31-669 0.867219507 -0.497921198 -0.002129320 -859.495727902 0.497832543 0.867132716 -0.015614953 -3012.999025765 0.009621418 0.012481613 0.999875989 18.006824459
2021-10-26-16-21-31-770 0.867225407 -0.497910810 -0.002155411 -859.495824421 0.497822017 0.867139106 -0.015595725 -3012.999122742 0.009634320 0.012452063 0.999876233 18.006751056
2021-10-26-16-21-31-870 0.867215187 -0.497928549 -0.002169199 -859.495890767 0.497839607 0.867129053 -0.015593161 -3012.999231401 0.009645255 0.012442778 0.999876244 18.006685170
2021-10-26-16-21-31-970 0.867210412 -0.497936915 -0.002158126 -859.495859375 0.497848184 0.867124266 -0.015585546 -3012.999320603 0.009631980 0.012441595 0.999876386 18.006675300
2021-10-26-16-21-32-070 0.867231898 -0.497899446 -0.002168777 -859.495850175 0.497810796 0.867146123 -0.015563704 -3012.999462909 0.009629805 0.012417766 0.999876703 18.006599947
2021-10-26-16-21-32-170 0.867229347 -0.497903785 -0.002193040 -859.495924403 0.497815172 0.867144241 -0.015528559 -3012.999486692 0.009633408 0.012375160 0.999877197 18.006424432
2021-10-26-16-21-32-270 0.867224888 -0.497911622 -0.002176732 -859.495902864 0.497823357 0.867139813 -0.015513379 -3012.999518179 0.009611821 0.012370026 0.999877468 18.006256978
2021-10-26-16-21-32-370 0.867226607 -0.497908667 -0.002167678 -859.495887469 0.497820515 0.867141448 -0.015513186 -3012.999587228 0.009603832 0.012374399 0.999877490 18.006136465
2021-10-26-16-21-32-470 0.867220102 -0.497920000 -0.002167155 -859.495953429 0.497831557 0.867134556 -0.015544112 -3012.999688724 0.009618938 0.012401353 0.999877011 18.006008455
2021-10-26-16-21-32-570 0.867223232 -0.497914531 -0.002171117 -859.496034192 0.497826349 0.867138123 -0.015511841 -3012.999638130 0.009606227 0.012371455 0.999877504 18.005856226
2021-10-26-16-21-32-670 0.867223256 -0.497914593 -0.002147275 -859.496057267 0.497826852 0.867138106 -0.015496645 -3012.999612085 0.009577989 0.012370145 0.999877791 18.005717446
2021-10-26-16-21-32-770 0.867223077 -0.497914966 -0.002132633 -859.496135689 0.497827285 0.867137630 -0.015509358 -3012.999624778 0.009571627 0.012388457 0.999877625 18.005586194
2021-10-26-16-21-32-870 0.867220643 -0.497919196 -0.002134719 -859.496292615 0.497831547 0.867135293 -0.015503202 -3012.999557787 0.009570431 0.012382033 0.999877716 18.005490200
2021-10-26-16-21-32-970 0.867212783 -0.497932879 -0.002136389 -859.496479794 0.497845082 0.867127286 -0.015516488 -3012.999473774 0.009578689 0.012392572 0.999877507 18.005407220
2021-10-26-16-21-33-070 0.867232759 -0.497898141 -0.002123424 -859.496443990 0.497809495 0.867145821 -0.015622029 -3012.999599003 0.009619497 0.012490941 0.999875891 18.005375402
2021-10-26-16-21-33-170 0.867236667 -0.497891465 -0.002093070 -859.496156841 0.497802857 0.867148987 -0.015657760 -3012.999619200 0.009610867 0.012537113 0.999875396 18.005353551
2021-10-26-16-21-33-270 0.867233024 -0.497897786 -0.002098863 -859.495963107 0.497809383 0.867145766 -0.015628653 -3012.999521120 0.009601489 0.012508916 0.999875839 18.005238603
2021-10-26-16-21-33-371 0.867220271 -0.497919682 -0.002172536 -859.495992877 0.497831153 0.867134752 -0.015546077 -3012.999288181 0.009624577 0.012400383 0.999876969 18.005252969
2021-10-26-16-21-33-471 0.867226876 -0.497908296 -0.002145427 -859.495752958 0.497819609 0.867140453 -0.015597695 -3012.999351445 0.009626606 0.012458770 0.999876224 18.005209865
2021-10-26-16-21-33-571 0.867233182 -0.497897454 -0.002112210 -859.495429056 0.497808771 0.867145905 -0.015640448 -3012.999426810 0.009618932 0.012512505 0.999875627 18.005174065
2021-10-26-16-21-33-671 0.867223199 -0.497914679 -0.002150205 -859.495360166 0.497826021 0.867136939 -0.015588420 -3012.999194162 0.009626224 0.012448277 0.999876358 18.005220290
2021-10-26-16-21-33-771 0.867221839 -0.497916916 -0.002180456 -859.495291597 0.497827923 0.867135923 -0.015584111 -3012.999083799 0.009650342 0.012429455 0.999876359 18.005181520
2021-10-26-16-21-33-871 0.867227652 -0.497906925 -0.002149344 -859.494997680 0.497818098 0.867141149 -0.015607207 -3012.999078924 0.009634720 0.012465085 0.999876067 18.005191424
2021-10-26-16-21-33-971 0.867228571 -0.497905407 -0.002130355 -859.494806588 0.497816762 0.867141814 -0.015612824 -3012.998976263 0.009621028 0.012479427 0.999876020 18.005239207
2021-10-26-16-21-34-071 0.867221252 -0.497918251 -0.002107666 -859.494705818 0.497828791 0.867132851 -0.015726717 -3012.999005283 0.009658243 0.012589352 0.999874283 18.005260066
2021-10-26-16-21-34-171 0.867212280 -0.497933906 -0.002100785 -859.494664606 0.497844262 0.867123462 -0.015754645 -3012.998943324 0.009666410 0.012616824 0.999873858 18.005281321
2021-10-26-16-21-34-271 0.867209434 -0.497938971 -0.002075147 -859.494500758 0.497849129 0.867119686 -0.015808588 -3012.998959249 0.009671111 0.012676312 0.999873060 18.005328513
2021-10-26-16-21-34-371 0.867204657 -0.497947335 -0.002064577 -859.494420192 0.497857429 0.867114550 -0.015828884 -3012.998891802 0.009672174 0.012699083 0.999872760 18.005321466
2021-10-26-16-21-34-471 0.867198582 -0.497957832 -0.002084459 -859.494502771 0.497867784 0.867108812 -0.015817520 -3012.998721469 0.009683909 0.012679212 0.999872899 18.005325734
2021-10-26-16-21-34-571 0.867194149 -0.497965453 -0.002107678 -859.494516821 0.497874909 0.867104344 -0.015838127 -3012.998664368 0.009714417 0.012685437 0.999872525 18.005323719
2021-10-26-16-21-34-671 0.867191935 -0.497969449 -0.002074390 -859.494401107 0.497879139 0.867101562 -0.015857506 -3012.998561073 0.009695259 0.012718771 0.999872287 18.005312738
2021-10-26-16-21-34-772 0.867187214 -0.497977690 -0.002069461 -859.494324349 0.497887810 0.867097276 -0.015819503 -3012.998324760 0.009672183 0.012688177 0.999872899 18.005368781
2021-10-26-16-21-34-872 0.867180942 -0.497988466 -0.002104513 -859.494375088 0.497898363 0.867091635 -0.015796593 -3012.998114445 0.009691326 0.012650736 0.999873189 18.005389332
2021-10-26-16-21-34-972 0.867180859 -0.497988514 -0.002127313 -859.494436870 0.497897684 0.867091203 -0.015841598 -3012.998145513 0.009733507 0.012678411 0.999872428 18.005436164
2021-10-26-16-21-35-072 0.867200870 -0.497953471 -0.002172586 -859.494421180 0.497862845 0.867112651 -0.015762391 -3012.998008981 0.009732813 0.012587575 0.999873583 18.005420223
2021-10-26-16-21-35-172 0.867197659 -0.497959049 -0.002175662 -859.494409054 0.497868729 0.867109920 -0.015726768 -3012.997882427 0.009717823 0.012555088 0.999874137 18.005281674
2021-10-26-16-21-35-272 0.867196589 -0.497961020 -0.002150808 -859.494332986 0.497870544 0.867108000 -0.015775106 -3012.997973609 0.009720369 0.012609360 0.999873429 18.005192936
2021-10-26-16-21-35-372 0.867199404 -0.497956015 -0.002174448 -859.494408500 0.497864952 0.867110671 -0.015804720 -3012.997982149 0.009755540 0.012623329 0.999872910 18.005131303
2021-10-26-16-21-35-472 0.867188958 -0.497974061 -0.002207532 -859.494484666 0.497882808 0.867100846 -0.015781302 -3012.997844813 0.009772830 0.012586344 0.999873207 18.005007480
2021-10-26-16-21-35-572 0.867196367 -0.497961294 -0.002176692 -859.494428476 0.497870537 0.867108088 -0.015770478 -3012.997768167 0.009740515 0.012592457 0.999873446 18.004918274
2021-10-26-16-21-35-672 0.867198412 -0.497957596 -0.002207739 -859.494562154 0.497866049 0.867109921 -0.015811334 -3012.997865784 0.009787725 0.012612471 0.999872733 18.004842297
2021-10-26-16-21-35-772 0.867193187 -0.497966626 -0.002223760 -859.494698539 0.497875279 0.867105372 -0.015770053 -3012.997730741 0.009781192 0.012568594 0.999873349 18.004699317
2021-10-26-16-21-35-872 0.867191540 -0.497969605 -0.002198605 -859.494767565 0.497878624 0.867103545 -0.015764963 -3012.997699758 0.009756890 0.012576670 0.999873485 18.004507267
2021-10-26-16-21-35-972 0.867196605 -0.497960710 -0.002215054 -859.494906889 0.497869077 0.867108195 -0.015810642 -3012.997809359 0.009793768 0.012608195 0.999872728 18.004388452
2021-10-26-16-21-36-072 0.867190565 -0.497971929 -0.002051900 -859.494791463 0.497882474 0.867100721 -0.015798677 -3012.997754771 0.009646500 0.012678924 0.999873265 18.004147595
2021-10-26-16-21-36-172 0.867194105 -0.497965674 -0.002073285 -859.494719652 0.497876196 0.867104792 -0.015773068 -3012.997752573 0.009652200 0.012646139 0.999873625 18.004154731
2021-10-26-16-21-36-272 0.867189200 -0.497974377 -0.002034393 -859.494672405 0.497885289 0.867099379 -0.015783552 -3012.997853101 0.009623824 0.012674496 0.999873540 18.004215793
2021-10-26-16-21-36-372 0.867191534 -0.497970059 -0.002095612 -859.494858397 0.497880084 0.867102155 -0.015795243 -3012.997942204 0.009682666 0.012654204 0.999873228 18.004250300
2021-10-26-16-21-36-472 0.867194889 -0.497964569 -0.002009892 -859.494628856 0.497875561 0.867104524 -0.015807750 -3012.997919217 0.009614484 0.012707791 0.999873207 18.004231700
2021-10-26-16-21-36-573 0.867176396 -0.497996865 -0.001987126 -859.494393389 0.497908546 0.867086351 -0.015765659 -3012.997657473 0.009574258 0.012682266 0.999873916 18.004275585
2021-10-26-16-21-36-673 0.867184175 -0.497983254 -0.002003481 -859.494630625 0.497894763 0.867094329 -0.015762152 -3012.997683851 0.009586493 0.012671232 0.999873940 18.004244464
2021-10-26-16-21-36-773 0.867197277 -0.497959114 -0.002308812 -859.494570256 0.497864798 0.867107874 -0.015962205 -3012.997558690 0.009950513 0.012692971 0.999870108 18.004063551
2021-10-26-16-21-36-873 0.867185648 -0.497975867 -0.002969082 -859.492530394 0.497870179 0.867099354 -0.016254555 -3012.996169837 0.010668863 0.012617565 0.999863654 18.003523673
2021-10-26-16-21-36-973 0.867164761 -0.498005382 -0.003955133 -859.486630010 0.497881553 0.867083121 -0.016764126 -3012.992432420 0.011778050 0.012568137 0.999851827 18.002803902
2021-10-26-16-21-37-072 0.867186613 -0.497957325 -0.005060591 -859.474196590 0.497815363 0.867114198 -0.017118626 -3012.984709185 0.012912452 0.012325869 0.999840836 18.002383623
2021-10-26-16-21-37-173 0.867174201 -0.497971876 -0.005713458 -859.453338607 0.497817455 0.867106360 -0.017451561 -3012.972714011 0.013644558 0.012289351 0.999831563 18.002345425
2021-10-26-16-21-37-273 0.867186197 -0.497947466 -0.006012440 -859.423825580 0.497786777 0.867120177 -0.017639105 -3012.955950815 0.013996851 0.012303542 0.999826518 18.002469545
2021-10-26-16-21-37-373 0.867251244 -0.497830935 -0.006274325 -859.386476537 0.497665680 0.867187724 -0.017735229 -3012.934565007 0.014270159 0.012258449 0.999823209 18.002481993
2021-10-26-16-21-37-473 0.867272997 -0.497790054 -0.006506786 -859.340734075 0.497620994 0.867211991 -0.017802353 -3012.908338251 0.014504593 0.012201653 0.999820530 18.002375101
2021-10-26-16-21-37-573 0.867329340 -0.497688248 -0.006778733 -859.285100850 0.497513750 0.867270531 -0.017947438 -3012.876667240 0.014811220 0.012193893 0.999816129 18.002077665
2021-10-26-16-21-37-673 0.867426645 -0.497514668 -0.007063819 -859.221068301 0.497334033 0.867369895 -0.018125707 -3012.840398880 0.015144744 0.012209710 0.999810939 18.001686435
2021-10-26-16-21-37-773 0.867519333 -0.497350116 -0.007266069 -859.145635070 0.497164774 0.867463839 -0.018272707 -3012.797614183 0.015390980 0.012239559 0.999806814 18.001322723
2021-10-26-16-21-37-873 0.867661409 -0.497099509 -0.007448701 -859.061104095 0.496912782 0.867609333 -0.018219448 -3012.749410930 0.015519436 0.012107023 0.999806442 18.001106407
2021-10-26-16-21-37-973 0.867885004 -0.496704809 -0.007725156 -858.967043989 0.496516760 0.867838670 -0.018093227 -3012.695460156 0.015691177 0.011867236 0.999806636 18.000812972
2021-10-26-16-21-38-073 0.868019963 -0.496463442 -0.008069851 -858.861318072 0.496274669 0.867981459 -0.017884512 -3012.634898049 0.015883482 0.011519316 0.999807669 18.000613569
2021-10-26-16-21-38-173 0.867966731 -0.496557374 -0.008015934 -858.747341045 0.496365295 0.867924516 -0.018131325 -3012.570858779 0.015960463 0.011758622 0.999803657 18.000687750
2021-10-26-16-21-38-273 0.867876680 -0.496715986 -0.007938762 -858.620607417 0.496514575 0.867825578 -0.018768581 -3012.500423113 0.016212108 0.012347169 0.999792514 18.000880770
2021-10-26-16-21-38-374 0.867771448 -0.496901668 -0.007821385 -858.483825231 0.496693219 0.867711898 -0.019290548 -3012.423844119 0.016372209 0.012855024 0.999783504 18.000688160
2021-10-26-16-21-38-474 0.867493697 -0.497383293 -0.008016991 -858.338608031 0.497175892 0.867440235 -0.019073196 -3012.340380190 0.016440944 0.012560089 0.999786125 18.000573225
2021-10-26-16-21-38-573 0.867170416 -0.497947754 -0.007951768 -858.181809680 0.497740329 0.867115396 -0.019122520 -3012.250008686 0.016417110 0.012624634 0.999785703 18.000807711
2021-10-26-16-21-38-673 0.866895403 -0.498421505 -0.008251739 -858.016343961 0.498210933 0.866845943 -0.019083809 -3012.154105187 0.016664760 0.012432625 0.999784012 18.000471726
2021-10-26-16-21-38-773 0.866339044 -0.499396237 -0.007732360 -857.836897998 0.499187577 0.866277706 -0.019362678 -3012.051199877 0.016368014 0.012914812 0.999782802 18.000023285
2021-10-26-16-21-38-873 0.865527348 -0.500822257 -0.006261502 -857.652507497 0.500633051 0.865443234 -0.019358948 -3011.945120461 0.015114362 0.013621051 0.999793168 17.999747049
2021-10-26-16-21-38-974 0.864408134 -0.502764036 -0.005160848 -857.463536267 0.502591953 0.864310336 -0.019214110 -3011.834069020 0.014120733 0.014015099 0.999802250 17.999593449
2021-10-26-16-21-39-074 0.862831875 -0.505468496 -0.004742305 -857.271571222 0.505305038 0.862731879 -0.018992934 -3011.718956541 0.013691663 0.013991464 0.999808548 17.999231026
2021-10-26-16-21-39-174 0.860548152 -0.509346350 -0.004786706 -857.082267615 0.509180714 0.860448383 -0.019073127 -3011.602763740 0.013833536 0.013976112 0.999806810 17.998283459
2021-10-26-16-21-39-274 0.857627745 -0.514248368 -0.004797020 -856.887154249 0.514081415 0.857528463 -0.019116310 -3011.480368525 0.013944108 0.013928686 0.999805936 17.997288191
2021-10-26-16-21-39-374 0.854057231 -0.520159952 -0.004429341 -856.692666210 0.519992200 0.853948629 -0.019494735 -3011.356172713 0.013922805 0.014346463 0.999800325 17.996405210
2021-10-26-16-21-39-474 0.849850125 -0.527003454 -0.004677803 -856.498089124 0.526823673 0.849738779 -0.020025246 -3011.227892455 0.014528280 0.014554147 0.999788709 17.995529632
2021-10-26-16-21-39-574 0.844912873 -0.534884700 -0.004512041 -856.298447848 0.534700900 0.844795384 -0.020393240 -3011.092431333 0.014719778 0.014817985 0.999782032 17.994272399
2021-10-26-16-21-39-674 0.839468745 -0.543395395 -0.003666894 -856.100530236 0.543228925 0.839347154 -0.019971496 -3010.953538587 0.013930211 0.014773550 0.999794003 17.992573727
2021-10-26-16-21-39-774 0.833361776 -0.552715855 -0.003621771 -855.898617383 0.552551314 0.833244134 -0.019784301 -3010.807228924 0.013952912 0.014486332 0.999797888 17.990803419
2021-10-26-16-21-39-874 0.826785632 -0.562506467 -0.003433354 -855.698703017 0.562337514 0.826661342 -0.020191452 -3010.659092680 0.014196038 0.014763365 0.999790414 17.989917873
2021-10-26-16-21-39-974 0.819459826 -0.573129037 -0.002916522 -855.498089809 0.572960883 0.819324828 -0.020561871 -3010.505999079 0.014174179 0.015178641 0.999784505 17.989771177
2021-10-26-16-21-40-074 0.811195824 -0.584770706 -0.002091291 -855.293803477 0.584600212 0.811036949 -0.021489151 -3010.345365550 0.014262335 0.016209407 0.999767071 17.989246294
2021-10-26-16-21-40-174 0.801863361 -0.597504606 -0.001796720 -855.094589164 0.597321819 0.801686448 -0.022485404 -3010.181673859 0.014875534 0.016957068 0.999745734 17.989159466
2021-10-26-16-21-40-274 0.791195710 -0.611561513 -0.001309091 -854.893016442 0.611380108 0.791010454 -0.022735854 -3010.006710628 0.014939873 0.017188225 0.999740827 17.989289861
2021-10-26-16-21-40-374 0.779718181 -0.626129350 -0.001209554 -854.697212219 0.625943778 0.779532072 -0.022895631 -3009.827567121 0.015278507 0.017095094 0.999737306 17.989055992
2021-10-26-16-21-40-474 0.767110491 -0.641514159 -0.000981264 -854.503895944 0.641331821 0.766927913 -0.022696472 -3009.641978602 0.015312662 0.016781453 0.999742098 17.989196918
2021-10-26-16-21-40-574 0.753329142 -0.657643376 -0.000547499 -854.310602560 0.657472362 0.753152432 -0.022170792 -3009.446734716 0.014992819 0.016342004 0.999754225 17.989739396
2021-10-26-16-21-40-674 0.738555076 -0.674192549 0.000857104 -854.123091071 0.674032905 0.738352029 -0.022714291 -3009.251095349 0.014680956 0.017353539 0.999741807 17.989824586
2021-10-26-16-21-40-775 0.722169912 -0.691712254 0.002174015 -853.934285817 0.691557965 0.721935356 -0.023599045 -3009.043912356 0.014754245 0.018546045 0.999719317 17.989529877
2021-10-26-16-21-40-875 0.705164060 -0.709038094 0.002933255 -853.756135430 0.708876913 0.704902620 -0.024612746 -3008.835852325 0.015383711 0.019435409 0.999692935 17.989721060
2021-10-26-16-21-40-975 0.687045194 -0.726607221 0.003293340 -853.583716347 0.726444918 0.686780411 -0.024706102 -3008.620377874 0.015689825 0.019366707 0.999689510 17.990303331
2021-10-26-16-21-41-075 0.668246142 -0.743933420 0.003191140 -853.415297139 0.743778380 0.668005846 -0.023702965 -3008.394599891 0.015501721 0.018212984 0.999714130 17.991190190
2021-10-26-16-21-41-175 0.649772126 -0.760123834 0.002826354 -853.256231658 0.759976536 0.649563459 -0.022424827 -3008.168386547 0.015209744 0.016719057 0.999744714 17.993020878
2021-10-26-16-21-41-275 0.630073239 -0.776527336 0.003616667 -853.097132276 0.776391017 0.629859771 -0.022215484 -3007.934498088 0.014972932 0.016805396 0.999746841 17.995724085
2021-10-26-16-21-41-375 0.609894372 -0.792467290 0.004954194 -852.943928429 0.792343411 0.609658717 -0.022539209 -3007.700411641 0.014841213 0.017672027 0.999733862 17.997523270
2021-10-26-16-21-41-475 0.589693854 -0.807602982 0.006220968 -852.796127252 0.807483344 0.589427033 -0.023371884 -3007.461987120 0.015208390 0.018805652 0.999707661 17.999094134
2021-10-26-16-21-41-575 0.568406701 -0.822717467 0.007066420 -852.652711311 0.822596533 0.568117294 -0.024030885 -3007.215236826 0.015756068 0.019472196 0.999686419 18.001854293
2021-10-26-16-21-41-675 0.547064696 -0.837054936 0.007708304 -852.518748250 0.836938665 0.546767748 -0.024051580 -3006.967629009 0.015917836 0.019609216 0.999681178 18.004774370
2021-10-26-16-21-41-775 0.525358385 -0.850846709 0.007657213 -852.389202090 0.850729255 0.525074017 -0.023595881 -3006.709426784 0.016055869 0.018910576 0.999692430 18.007110055
2021-10-26-16-21-41-875 0.503561585 -0.863925144 0.007699715 -852.267041432 0.863812802 0.503292633 -0.022884504 -3006.450330888 0.015895283 0.018174937 0.999708641 18.009049267
2021-10-26-16-21-41-975 0.481454402 -0.876436317 0.007827672 -852.150408015 0.876332206 0.481200436 -0.022084301 -3006.186354656 0.015588798 0.017492293 0.999725645 18.010451267
2021-10-26-16-21-42-075 0.459245784 -0.888271229 0.008233203 -852.036620663 0.888177740 0.458999148 -0.021442403 -3005.914093608 0.015267632 0.017159948 0.999736361 18.011134336
2021-10-26-16-21-42-175 0.437047073 -0.899402816 0.008043691 -851.930367038 0.899300044 0.436805779 -0.021443293 -3005.643296057 0.015772622 0.016605487 0.999737885 18.010717020
2021-10-26-16-21-42-275 0.414541992 -0.909995540 0.007958821 -851.828036802 0.909891715 0.414310989 -0.021050530 -3005.362754985 0.015858456 0.015968061 0.999746911 18.009893721
2021-10-26-16-21-42-375 0.393152883 -0.919437800 0.008077587 -851.731962539 0.919347542 0.392939306 -0.019960857 -3005.082342458 0.015178760 0.015273845 0.999768309 18.008980495
2021-10-26-16-21-42-476 0.372790652 -0.927882063 0.007894769 -851.639668405 0.927800493 0.372597483 -0.018894016 -3004.796401452 0.014589843 0.014368349 0.999790499 18.008680297
2021-10-26-16-21-42-576 0.353959796 -0.935236078 0.006802663 -851.552521932 0.935148651 0.353795906 -0.018029593 -3004.507582115 0.014455168 0.012743318 0.999814489 18.008691982
2021-10-26-16-21-42-676 0.337040614 -0.941474443 0.005462878 -851.470669740 0.941382990 0.336909439 -0.017020419 -3004.222809588 0.014183790 0.010879298 0.999840395 18.007431577
2021-10-26-16-21-42-776 0.322035952 -0.946718480 0.004161934 -851.389171648 0.946622031 0.321931718 -0.016318354 -3003.932462060 0.014109024 0.009194939 0.999858362 18.005793473
2021-10-26-16-21-42-876 0.309906542 -0.950759682 0.003784877 -851.308061970 0.950668361 0.309814894 -0.015619828 -3003.646757157 0.013678087 0.008438914 0.999871016 18.004536746
2021-10-26-16-21-42-976 0.300562883 -0.953752749 0.004244406 -851.224707377 0.953671967 0.300470711 -0.015056815 -3003.361422913 0.013085155 0.008573355 0.999877809 18.004003046
2021-10-26-16-21-43-076 0.294466607 -0.955656246 0.003305921 -851.143090354 0.955577077 0.294392993 -0.014310385 -3003.073202013 0.012702565 0.007373057 0.999892313 18.004286841
2021-10-26-16-21-43-176 0.291054797 -0.956704940 0.001771063 -851.063610849 0.956623268 0.291004873 -0.013698766 -3002.792654924 0.012590287 0.005681395 0.999904776 18.003818312
2021-10-26-16-21-43-276 0.289599110 -0.957147477 0.001199001 -850.978843010 0.957069339 0.289559259 -0.013163777 -3002.508119549 0.012252492 0.004959809 0.999912812 18.003468794
2021-10-26-16-21-43-376 0.289864560 -0.957066950 0.001328478 -850.892386269 0.956993163 0.289824645 -0.012858036 -3002.230027205 0.011920972 0.004998497 0.999916627 18.003867945
2021-10-26-16-21-43-476 0.292145044 -0.956373991 0.000659668 -850.804923148 0.956303964 0.292115464 -0.012282294 -3001.952462722 0.011553764 0.004219118 0.999924530 18.004703101
2021-10-26-16-21-43-576 0.297785638 -0.954630862 -0.002000619 -850.715651711 0.954557455 0.297787998 -0.011914177 -3001.671450082 0.011969398 0.001638228 0.999927200 18.004614291
2021-10-26-16-21-43-676 0.306203057 -0.951957198 -0.004188965 -850.620743282 0.951874958 0.306231811 -0.012478822 -3001.397448183 0.013162095 -0.000166255 0.999913539 18.003984632
2021-10-26-16-21-43-776 0.317632960 -0.948203624 -0.004421578 -850.512533699 0.948115032 0.317663876 -0.012928080 -3001.117767332 0.013663023 -0.000085719 0.999906830 18.003687442
2021-10-26-16-21-43-877 0.331809740 -0.943337944 -0.004021178 -850.395119037 0.943247621 0.331833842 -0.013031507 -3000.839495774 0.013627474 0.000531077 0.999907178 18.003940245
2021-10-26-16-21-43-977 0.349289974 -0.937004547 -0.004396845 -850.270384313 0.936920651 0.349317728 -0.012506929 -3000.561633939 0.013254942 0.000249111 0.999912295 18.004656240
2021-10-26-16-21-44-077 0.370860180 -0.928662822 -0.006958023 -850.137586547 0.928594270 0.370919040 -0.011461606 -3000.278215368 0.013224827 -0.002210465 0.999910281 18.004045413
2021-10-26-16-21-44-177 0.393935754 -0.919095627 -0.008840728 -849.996460155 0.919036338 0.394017124 -0.011061382 -3000.000127524 0.013649862 -0.003767415 0.999899915 18.002598191
2021-10-26-16-21-44-277 0.419543438 -0.907685983 -0.009473574 -849.837842223 0.907634667 0.419629582 -0.010487346 -2999.717878277 0.013494605 -0.004198586 0.999900306 18.001853900
2021-10-26-16-21-44-377 0.446792178 -0.894585282 -0.009704958 -849.668492743 0.894543995 0.446876242 -0.009609687 -2999.442385634 0.012933597 -0.004387919 0.999906907 18.001089804
2021-10-26-16-21-44-477 0.476059444 -0.879356360 -0.010001793 -849.485734339 0.879322313 0.476143058 -0.008931178 -2999.169487578 0.012615970 -0.004542968 0.999910272 18.000255967
2021-10-26-16-21-44-577 0.507035124 -0.861864788 -0.010231207 -849.287248807 0.861838043 0.507117143 -0.008193178 -2998.898192256 0.012249828 -0.004663354 0.999914270 17.999415703
2021-10-26-16-21-44-677 0.538169297 -0.842768611 -0.010726221 -849.080569233 0.842749465 0.538253276 -0.007517905 -2998.638140400 0.012109274 -0.004993550 0.999914388 17.998630753
2021-10-26-16-21-44-777 0.570858827 -0.820963637 -0.011791903 -848.857957637 0.820961584 0.570948476 -0.006302276 -2998.379457996 0.011906505 -0.006082929 0.999910789 17.998034264
2021-10-26-16-21-44-877 0.603851004 -0.796997842 -0.012589989 -848.626002697 0.797015572 0.603939983 -0.004745211 -2998.133407993 0.011385518 -0.007168956 0.999909660 17.997221369
2021-10-26-16-21-44-977 0.636874677 -0.770860081 -0.012862553 -848.379561271 0.770882542 0.636963536 -0.004176196 -2997.897434615 0.011412238 -0.007255744 0.999908730 17.996478985
2021-10-26-16-21-45-077 0.669662972 -0.742555592 -0.012756112 -848.117741436 0.742571444 0.669752669 -0.004351391 -2997.670778418 0.011774586 -0.006558299 0.999909346 17.996554934
2021-10-26-16-21-45-177 0.701087126 -0.712961390 -0.012762394 -847.852034654 0.712972385 0.701178047 -0.004437201 -2997.458968406 0.012112261 -0.005988310 0.999908889 17.996458672
2021-10-26-16-21-45-277 0.731644299 -0.681565805 -0.012830071 -847.570692639 0.681570214 0.731737779 -0.004676762 -2997.253266470 0.012575766 -0.005322808 0.999906931 17.996449535
2021-10-26-16-21-45-377 0.759757641 -0.650072283 -0.013200468 -847.284769620 0.650078708 0.759854406 -0.004359212 -2997.060104986 0.012864232 -0.005269339 0.999903545 17.996570913
2021-10-26-16-21-45-477 0.786314217 -0.617679800 -0.013471236 -846.988138721 0.617687188 0.786413364 -0.004079891 -2996.876179527 0.013114021 -0.005112873 0.999901112 17.996949312
2021-10-26-16-21-45-578 0.811715456 -0.583894221 -0.013615271 -846.675186493 0.583902540 0.811815193 -0.003747506 -2996.698990632 0.013241227 -0.004908023 0.999900462 17.997884106
2021-10-26-16-21-45-678 0.834782966 -0.550386970 -0.014538380 -846.363865012 0.550410812 0.834889868 -0.002647453 -2996.536603995 0.013595065 -0.005791972 0.999890985 17.998598168
2021-10-26-16-21-45-778 0.857038714 -0.515033343 -0.015001460 -846.037257966 0.515068067 0.857147654 -0.001727776 -2996.383833920 0.013748324 -0.006245942 0.999886156 17.998999128
2021-10-26-16-21-45-878 0.877967692 -0.478472860 -0.015367640 -845.708626873 0.478519233 0.878076906 -0.000724556 -2996.247771939 0.013840645 -0.006717515 0.999881826 17.999286956
2021-10-26-16-21-45-978 0.897733008 -0.440273244 -0.015316410 -845.370231367 0.440319430 0.897841259 -0.000379625 -2996.126442124 0.013918839 -0.006403251 0.999882802 17.999904803
2021-10-26-16-21-46-077 0.915543042 -0.401895116 -0.016152388 -845.025997026 0.401958698 0.915657636 0.000774765 -2996.016181024 0.014478678 -0.007201864 0.999869418 18.001478941
2021-10-26-16-21-46-178 0.932252219 -0.361455959 -0.015968828 -844.674163350 0.361521543 0.932362967 0.001342509 -2995.920567129 0.014403482 -0.007024573 0.999871766 18.003710666
2021-10-26-16-21-46-278 0.947558567 -0.319215280 -0.015295534 -844.314109308 0.319284472 0.947656404 0.002263803 -2995.840427434 0.013772265 -0.007028653 0.999880631 18.005270788
2021-10-26-16-21-46-378 0.960804021 -0.276854913 -0.014371936 -843.957096615 0.276907186 0.960895267 0.001754881 -2995.781072469 0.013324074 -0.005665729 0.999895355 18.006273561
2021-10-26-16-21-46-478 0.972192966 -0.233771547 -0.013829023 -843.596239874 0.233804798 0.972283416 0.000824524 -2995.738437980 0.013252975 -0.004034827 0.999904211 18.007545262
2021-10-26-16-21-46-578 0.981720803 -0.189844430 -0.013523270 -843.230301948 0.189856540 0.981811981 -0.000387487 -2995.711414351 0.013350866 -0.002187016 0.999908658 18.009742941
2021-10-26-16-21-46-678 0.989136259 -0.146418575 -0.013060313 -842.870968669 0.146444607 0.989218525 0.001060036 -2995.696402327 0.012764291 -0.002961072 0.999914326 18.012443950
2021-10-26-16-21-46-778 0.994664716 -0.102469151 -0.011902695 -842.503205768 0.102497614 0.994731830 0.001809096 -2995.697388379 0.011654611 -0.003019380 0.999927701 18.014295035
2021-10-26-16-21-46-878 0.998175243 -0.059399528 -0.010833801 -842.142998294 0.059431168 0.998229183 0.002624699 -2995.714387696 0.010658709 -0.003263714 0.999938045 18.015184882
2021-10-26-16-21-46-978 0.999823894 -0.015683251 -0.010281210 -841.783017391 0.015704962 0.999874827 0.002035077 -2995.749380661 0.010248003 -0.002196123 0.999945253 18.015479644
2021-10-26-16-21-47-078 0.999568886 0.027522303 -0.010200650 -841.421431023 -0.027513343 0.999621148 0.001016290 -2995.802139994 0.010224755 -0.000735135 0.999947632 18.015591435
2021-10-26-16-21-47-178 0.997573168 0.068965658 -0.009539601 -841.068458049 -0.068975068 0.997618390 -0.000664076 -2995.869705967 0.009471080 0.001320521 0.999954453 18.015993054
2021-10-26-16-21-47-278 0.993927595 0.109685557 -0.008747111 -840.711224230 -0.109697633 0.993964805 -0.000917575 -2995.949507190 0.008593675 0.001871604 0.999961499 18.016574700
2021-10-26-16-21-47-379 0.988827216 0.148833755 -0.008292203 -840.361054599 -0.148837955 0.988861814 0.000102932 -2996.038345786 0.008215161 0.001132474 0.999965791 18.016394605
2021-10-26-16-21-47-478 0.982565985 0.185726292 -0.008327741 -840.019297574 -0.185723467 0.982601644 0.001107200 -2996.137157475 0.008388488 0.000458822 0.999964888 18.015752104
2021-10-26-16-21-47-578 0.975253874 0.220911797 -0.008797342 -839.675068191 -0.220916438 0.975292850 0.000440574 -2996.252066639 0.008677312 0.001513868 0.999961383 18.015586159
2021-10-26-16-21-47-678 0.967511458 0.252644517 -0.009585241 -839.341956957 -0.252666085 0.967553112 -0.001103786 -2996.375829782 0.008995364 0.003489854 0.999953628 18.015858601
2021-10-26-16-21-47-778 0.959420846 0.281783534 -0.010452064 -839.005633234 -0.281828759 0.959459827 -0.003125572 -2996.510241473 0.009147599 0.005944496 0.999940668 18.016062032
2021-10-26-16-21-47-878 0.951470041 0.307543490 -0.011015510 -838.677828760 -0.307596090 0.951511055 -0.003423993 -2996.645315823 0.009428352 0.006646219 0.999933643 18.015722971
2021-10-26-16-21-47-979 0.943320135 0.331710624 -0.010713448 -838.346569716 -0.331749497 0.943365481 -0.002047024 -2996.785244144 0.009427675 0.005485242 0.999940691 18.015075411
2021-10-26-16-21-48-079 0.935514464 0.353145284 -0.010035147 -838.016701746 -0.353174942 0.935556554 -0.001315531 -2996.930753064 0.008923872 0.004774924 0.999948958 18.014157796
2021-10-26-16-21-48-179 0.928307377 0.371682385 -0.009861019 -837.697196166 -0.371714968 0.928345597 -0.001660643 -2997.079742238 0.008537200 0.005207140 0.999950177 18.013345368
2021-10-26-16-21-48-279 0.922072132 0.386880190 -0.010311851 -837.375525164 -0.386933712 0.922099976 -0.003774685 -2997.236413238 0.008048206 0.007470598 0.999939884 18.012719935
2021-10-26-16-21-48-379 0.917323427 0.397993942 -0.010871681 -837.062580286 -0.398073401 0.917330982 -0.006460522 -2997.391060311 0.007401681 0.010254180 0.999920208 18.012243052
2021-10-26-16-21-48-479 0.914157015 0.405218757 -0.010693847 -836.747548441 -0.405308601 0.914142861 -0.008250087 -2997.542573717 0.006432614 0.011876249 0.999908962 18.011923977
2021-10-26-16-21-48-579 0.912834617 0.408200456 -0.010246900 -836.429817906 -0.408289192 0.912808699 -0.008972635 -2997.688898794 0.005690827 0.012374296 0.999907419 18.011492730
2021-10-26-16-21-48-679 0.913636192 0.406409587 -0.009990129 -836.120986798 -0.406500019 0.913597516 -0.009879714 -2997.825774476 0.005111747 0.013087517 0.999901467 18.011744380
2021-10-26-16-21-48-779 0.916160221 0.400693354 -0.009743124 -835.810561755 -0.400785252 0.916108451 -0.010806855 -2997.956324156 0.004595524 0.013805777 0.999894313 18.011857170
2021-10-26-16-21-48-879 0.919927258 0.391981982 -0.009143463 -835.513209543 -0.392068115 0.919867228 -0.011277530 -2998.073018243 0.003990185 0.013959433 0.999894779 18.011451847
2021-10-26-16-21-48-979 0.924397212 0.381329378 -0.008793648 -835.223043607 -0.381409940 0.924341767 -0.010911892 -2998.178980353 0.003967313 0.013440973 0.999901973 18.010810115
2021-10-26-16-21-49-079 0.929426367 0.368902091 -0.008803081 -834.938812090 -0.368980924 0.929380045 -0.010302071 -2998.276476871 0.004380955 0.012823252 0.999908359 18.010054950
2021-10-26-16-21-49-179 0.934370239 0.356173505 -0.009607347 -834.668149714 -0.356261322 0.934333839 -0.009923711 -2998.366811782 0.005441907 0.012695212 0.999904782 18.009260855
2021-10-26-16-21-49-279 0.939727254 0.341745384 -0.011062654 -834.397557895 -0.341858658 0.939689206 -0.010825694 -2998.453897877 0.006695826 0.013955129 0.999880381 18.008266721
2021-10-26-16-21-49-379 0.945685991 0.324834735 -0.012648787 -834.135102004 -0.324989360 0.945627214 -0.013093511 -2998.533201563 0.007707809 0.016493138 0.999834447 18.007153318
2021-10-26-16-21-49-479 0.952287702 0.304899832 -0.013557420 -833.870854422 -0.305081085 0.952219364 -0.014289129 -2998.601453005 0.008552884 0.017743541 0.999806167 18.005523101
2021-10-26-16-21-49-579 0.959232207 0.282297971 -0.013453377 -833.603449734 -0.282477176 0.959170800 -0.014085409 -2998.656423591 0.008927804 0.017311517 0.999810463 18.004429061
2021-10-26-16-21-49-679 0.966355761 0.256888505 -0.012821524 -833.342374786 -0.257056524 0.966297256 -0.013854514 -2998.699514467 0.008830337 0.016684313 0.999821992 18.004146362
2021-10-26-16-21-49-780 0.973641978 0.227735208 -0.012550366 -833.076409158 -0.227907171 0.973573637 -0.014597910 -2998.733821705 0.008894246 0.017073524 0.999814854 18.003973245
2021-10-26-16-21-49-880 0.980426807 0.196506262 -0.012169250 -832.820792655 -0.196681171 0.980346771 -0.015399460 -2998.755113539 0.008903993 0.017491573 0.999807542 18.003602356
2021-10-26-16-21-49-980 0.986881103 0.161063270 -0.011127646 -832.565735924 -0.161237015 0.986768625 -0.017050939 -2998.764339951 0.008234131 0.018621505 0.999792876 18.003658584
2021-10-26-16-21-50-080 0.992607918 0.120939335 -0.010134123 -832.313272855 -0.121113669 0.992459779 -0.018854923 -2998.759115821 0.007777407 0.019942994 0.999771047 18.003674954
2021-10-26-16-21-50-180 0.996857868 0.078654897 -0.009343014 -832.071966946 -0.078830438 0.996683473 -0.020205570 -2998.739142127 0.007722759 0.020878663 0.999752368 18.003559809
2021-10-26-16-21-50-280 0.999426376 0.032689276 -0.008821518 -831.832337894 -0.032867891 0.999240814 -0.020927301 -2998.703612478 0.008130722 0.021205309 0.999742259 18.003366697
2021-10-26-16-21-50-380 0.999865073 -0.014250919 -0.008138488 -831.603597969 0.014073760 0.999671630 -0.021424635 -2998.654992319 0.008441136 0.021307274 0.999737517 18.003110071
2021-10-26-16-21-50-480 0.997994232 -0.062867316 -0.007396318 -831.379083344 0.062696528 0.997803142 -0.021412259 -2998.592577083 0.008726200 0.020905655 0.999743549 18.002206315
2021-10-26-16-21-50-580 0.993667101 -0.112150376 -0.006890890 -831.159373951 0.111985202 0.993489896 -0.020918507 -2998.517457525 0.009192047 0.020014422 0.999757614 18.001663467
2021-10-26-16-21-50-680 0.987038807 -0.160364653 -0.006089686 -830.950262084 0.160204468 0.986857280 -0.021158154 -2998.434794656 0.009402669 0.019908391 0.999757772 18.001523068
2021-10-26-16-21-50-780 0.977753790 -0.209691864 -0.005135946 -830.744057353 0.209528097 0.977543095 -0.022536326 -2998.342943507 0.009746291 0.020958921 0.999733009 18.001559937
2021-10-26-16-21-50-880 0.966218564 -0.257691567 -0.004036803 -830.548294066 0.257533542 0.965990650 -0.023214813 -2998.242192800 0.009881774 0.021391040 0.999722527 18.001455393
2021-10-26-16-21-50-980 0.952223107 -0.305381969 -0.003547423 -830.356977118 0.305226237 0.952004522 -0.022906324 -2998.127928172 0.010372339 0.020729233 0.999731500 18.001199393
2021-10-26-16-21-51-080 0.935711747 -0.352753655 -0.002827231 -830.167400016 0.352601280 0.935492391 -0.022949038 -2998.003785069 0.010740207 0.020476867 0.999732815 17.999988497
2021-10-26-16-21-51-180 0.916980344 -0.398926720 -0.002040000 -829.985936005 0.398777480 0.916756410 -0.023119397 -2997.872457818 0.011093126 0.020386596 0.999730807 17.998502553
2021-10-26-16-21-51-280 0.895448715 -0.445162852 -0.001146140 -829.807181152 0.445018742 0.895219561 -0.023249074 -2997.728494759 0.011375669 0.020308368 0.999729224 17.997338974
2021-10-26-16-21-51-380 0.872012881 -0.489482640 0.000007399 -829.638144021 0.489346013 0.871769964 -0.023618488 -2997.578601207 0.011554386 0.020599314 0.999721222 17.996183492
2021-10-26-16-21-51-480 0.846421531 -0.532512010 0.001146000 -829.472954125 0.532379944 0.846160411 -0.024172997 -2997.419184121 0.011902708 0.021070720 0.999707310 17.994314400
2021-10-26-16-21-51-581 0.818166607 -0.574974522 0.002740265 -829.311161866 0.574854436 0.817878040 -0.024860077 -2997.248508119 0.012052705 0.021915007 0.999687362 17.992750573
2021-10-26-16-21-51-681 0.788442829 -0.615092768 0.004318088 -829.163058091 0.614994674 0.788144476 -0.024696650 -2997.073217947 0.011787451 0.022127567 0.999685843 17.991390557
