2021-10-26-16-21-29-468 0.867224097 -0.497912756 -0.002231453 11724271.102612030 0.497822945 0.867138439 -0.015603181 3123267.823220473 0.009704000 0.012420651 0.999875950 18.780859710
2021-10-26-16-21-29-568 0.867215757 -0.497927319 -0.002223192 11724271.102709329 0.497837686 0.867130117 -0.015595321 3123267.823225802 0.009693132 0.012417784 0.999876091 18.780802572
2021-10-26-16-21-29-668 0.867208724 -0.497939594 -0.002217061 11724271.102783320 0.497850057 0.867123054 -0.015593124 3123267.823225846 0.009686896 0.012418795 0.999876138 18.780751599
2021-10-26-16-21-29-768 0.867210921 -0.497935713 -0.002229930 11724271.102818634 0.497846160 0.867125559 -0.015578234 3123267.823202277 0.009690587 0.012399519 0.999876342 18.780738752
2021-10-26-16-21-29-868 0.867210437 -0.497936596 -0.002220828 11724271.102883644 0.497847260 0.867125120 -0.015567475 3123267.823196228 0.009677349 0.012394710 0.999876530 18.780709234
2021-10-26-16-21-29-969 0.867205990 -0.497944321 -0.002225383 11724271.102903306 0.497854932 0.867120723 -0.015567102 3123267.823188527 0.009681224 0.012392032 0.999876526 18.780727838
2021-10-26-16-21-30-069 0.867240317 -0.497884528 -0.002226572 11724271.102971226 0.497795961 0.867156119 -0.015481035 3123267.823202686 0.009638551 0.012317465 0.999877860 18.780647460
2021-10-26-16-21-30-169 0.867237595 -0.497889235 -0.002233989 11724271.102974078 0.497800555 0.867153442 -0.015483231 3123267.823169118 0.009646144 0.012315625 0.999877809 18.780590909
2021-10-26-16-21-30-269 0.867237599 -0.497889293 -0.002219499 11724271.103023296 0.497800874 0.867153410 -0.015474791 3123267.823197210 0.009629377 0.012315518 0.999877971 18.780533197
2021-10-26-16-21-30-369 0.867233634 -0.497896152 -0.002230332 11724271.102986943 0.497807565 0.867149508 -0.015478207 3123267.823196874 0.009640569 0.012313011 0.999877895 18.780511207
2021-10-26-16-21-30-469 0.867236133 -0.497891772 -0.002235876 11724271.102932479 0.497802771 0.867151618 -0.015514083 3123267.823125917 0.009663176 0.012341414 0.999877327 18.780486414
2021-10-26-16-21-30-569 0.867239110 -0.497886699 -0.002210802 11724271.102961648 0.497798235 0.867154643 -0.015490532 3123267.823222324 0.009629635 0.012333528 0.999877748 18.780488873
2021-10-26-16-21-30-669 0.867233927 -0.497895796 -0.002195195 11724271.102952063 0.497807624 0.867149440 -0.015480107 3123267.823362081 0.009611040 0.012332155 0.999877944 18.780516409
2021-10-26-16-21-30-769 0.867230120 -0.497902369 -0.002208511 11724271.102829302 0.497813765 0.867145418 -0.015507920 3123267.823392628 0.009636528 0.012349574 0.999877483 18.780542424
2021-10-26-16-21-30-869 0.867227887 -0.497906225 -0.002216052 11724271.102753725 0.497817327 0.867143003 -0.015528610 3123267.823436042 0.009653424 0.012363720 0.999877145 18.780562767
2021-10-26-16-21-30-969 0.867230456 -0.497901809 -0.002202807 11724271.102719139 0.497813162 0.867145554 -0.015519701 3123267.823610949 0.009637440 0.012362636 0.999877313 18.780597037
2021-10-26-16-21-31-069 0.867235957 -0.497892518 -0.002136284 11724271.102704322 0.497804030 0.867149552 -0.015589018 3123267.823533553 0.009614131 0.012455972 0.999876379 18.780487770
2021-10-26-16-21-31-169 0.867241008 -0.497883639 -0.002154696 11724271.102636250 0.497794654 0.867154434 -0.015616820 3123267.823318291 0.009643812 0.012471017 0.999875905 18.780319352
2021-10-26-16-21-31-269 0.867234850 -0.497894364 -0.002154991 11724271.102650177 0.497805524 0.867148473 -0.015601316 3123267.823241232 0.009636503 0.012457304 0.999876147 18.780173697
2021-10-26-16-21-31-369 0.867228628 -0.497905229 -0.002148479 11724271.102646770 0.497816582 0.867142334 -0.015589691 3123267.823170040 0.009625223 0.012450343 0.999876342 18.780025520
2021-10-26-16-21-31-469 0.867228301 -0.497905762 -0.002157472 11724271.102567112 0.497816968 0.867142049 -0.015593223 3123267.823009343 0.009634789 0.012448924 0.999876267 18.779880077
2021-10-26-16-21-31-569 0.867228546 -0.497905366 -0.002150493 11724271.102571173 0.497816546 0.867142082 -0.015604884 3123267.822858125 0.009634536 0.012462516 0.999876101 18.779771011
2021-10-26-16-21-31-669 0.867219507 -0.497921198 -0.002129320 11724271.102603927 0.497832543 0.867132716 -0.015614953 3123267.822740176 0.009621418 0.012481613 0.999875989 18.779669857
2021-10-26-16-21-31-770 0.867225407 -0.497910810 -0.002155411 11724271.102507031 0.497822017 0.867139106 -0.015595725 3123267.822641990 0.009634320 0.012452063 0.999876233 18.779596516
2021-10-26-16-21-31-870 0.867215187 -0.497928549 -0.002169199 11724271.102440493 0.497839607 0.867129053 -0.015593161 3123267.822531893 0.009645255 0.012442778 0.999876244 18.779530696
2021-10-26-16-21-31-970 0.867210412 -0.497936915 -0.002158126 11724271.102472018 0.497848184 0.867124266 -0.015585546 3123267.822441544 0.009631980 0.012441595 0.999876386 18.779520877
2021-10-26-16-21-32-070 0.867231898 -0.497899446 -0.002168777 11724271.102481203 0.497810796 0.867146123 -0.015563704 3123267.822297866 0.009629805 0.012417766 0.999876703 18.779445584
2021-10-26-16-21-32-170 0.867229347 -0.497903785 -0.002193040 11724271.102406751 0.497815172 0.867144241 -0.015528559 3123267.822273181 0.009633408 0.012375160 0.999877197 18.779270111
2021-10-26-16-21-32-270 0.867224888 -0.497911622 -0.002176732 11724271.102428300 0.497823357 0.867139813 -0.015513379 3123267.822240973 0.009611821 0.012370026 0.999877468 18.779102686
2021-10-26-16-21-32-370 0.867226607 -0.497908667 -0.002167678 11724271.102443689 0.497820515 0.867141448 -0.015513186 3123267.822171182 0.009603832 0.012374399 0.999877490 18.778982204
2021-10-26-16-21-32-470 0.867220102 -0.497920000 -0.002167155 11724271.102377396 0.497831557 0.867134556 -0.015544112 3123267.822068854 0.009618938 0.012401353 0.999877011 18.778854237
2021-10-26-16-21-32-570 0.867223232 -0.497914531 -0.002171117 11724271.102296175 0.497826349 0.867138123 -0.015511841 3123267.822119506 0.009606227 0.012371455 0.999877504 18.778702012
2021-10-26-16-21-32-670 0.867223256 -0.497914593 -0.002147275 11724271.102272782 0.497826852 0.867138106 -0.015496645 3123267.822145543 0.009577989 0.012370145 0.999877791 18.778563239
2021-10-26-16-21-32-770 0.867223077 -0.497914966 -0.002132633 11724271.102193803 0.497827285 0.867137630 -0.015509358 3123267.822132830 0.009571627 0.012388457 0.999877625 18.778431997
2021-10-26-16-21-32-870 0.867220643 -0.497919196 -0.002134719 11724271.102036029 0.497831547 0.867135293 -0.015503202 3123267.822200322 0.009570431 0.012382033 0.999877716 18.778335997
2021-10-26-16-21-32-970 0.867212783 -0.497932879 -0.002136389 11724271.101847870 0.497845082 0.867127286 -0.015516488 3123267.822285180 0.009578689 0.012392572 0.999877507 18.778253002
2021-10-26-16-21-33-070 0.867232759 -0.497898141 -0.002123424 11724271.101883620 0.497809495 0.867145821 -0.015622029 3123267.822160567 0.009619497 0.012490941 0.999875891 18.778221153
2021-10-26-16-21-33-170 0.867236667 -0.497891465 -0.002093070 11724271.102172086 0.497802857 0.867148987 -0.015657760 3123267.822140772 0.009610867 0.012537113 0.999875396 18.778199251
2021-10-26-16-21-33-270 0.867233024 -0.497897786 -0.002098863 11724271.102366932 0.497809383 0.867145766 -0.015628653 3123267.822239345 0.009601489 0.012508916 0.999875839 18.778084253
2021-10-26-16-21-33-371 0.867220271 -0.497919682 -0.002172536 11724271.102337634 0.497831153 0.867134752 -0.015546077 3123267.822473262 0.009624577 0.012400383 0.999876969 18.778098564
2021-10-26-16-21-33-471 0.867226876 -0.497908296 -0.002145427 11724271.102578612 0.497819609 0.867140453 -0.015597695 3123267.822410217 0.009626606 0.012458770 0.999876224 18.778055422
2021-10-26-16-21-33-571 0.867233182 -0.497897454 -0.002112210 11724271.102903996 0.497808771 0.867145905 -0.015640448 3123267.822334826 0.009618932 0.012512505 0.999875627 18.778019589
2021-10-26-16-21-33-671 0.867223199 -0.497914679 -0.002150205 11724271.102973612 0.497826021 0.867136939 -0.015588420 3123267.822568974 0.009626224 0.012448277 0.999876358 18.778065729
2021-10-26-16-21-33-771 0.867221839 -0.497916916 -0.002180456 11724271.103042778 0.497827923 0.867135923 -0.015584111 3123267.822680384 0.009650342 0.012429455 0.999876359 18.778026895
2021-10-26-16-21-33-871 0.867227652 -0.497906925 -0.002149344 11724271.103338033 0.497818098 0.867141149 -0.015607207 3123267.822685800 0.009634720 0.012465085 0.999876067 18.778036744
2021-10-26-16-21-33-971 0.867228571 -0.497905407 -0.002130355 11724271.103530023 0.497816762 0.867141814 -0.015612824 3123267.822789680 0.009621028 0.012479427 0.999876020 18.778084451
2021-10-26-16-21-34-071 0.867221252 -0.497918251 -0.002107666 11724271.103631215 0.497828791 0.867132851 -0.015726717 3123267.822761845 0.009658243 0.012589352 0.999874283 18.778105247
2021-10-26-16-21-34-171 0.867212280 -0.497933906 -0.002100785 11724271.103672657 0.497844262 0.867123462 -0.015754645 3123267.822824670 0.009666410 0.012616824 0.999873858 18.778126456
2021-10-26-16-21-34-271 0.867209434 -0.497938971 -0.002075147 11724271.103837233 0.497849129 0.867119686 -0.015808588 3123267.822809328 0.009671111 0.012676312 0.999873060 18.778173606
2021-10-26-16-21-34-371 0.867204657 -0.497947335 -0.002064577 11724271.103918184 0.497857429 0.867114550 -0.015828884 3123267.822877672 0.009672174 0.012699083 0.999872760 18.778166508
2021-10-26-16-21-34-471 0.867198582 -0.497957832 -0.002084459 11724271.103835329 0.497867784 0.867108812 -0.015817520 3123267.823049489 0.009683909 0.012679212 0.999872899 18.778170715
2021-10-26-16-21-34-571 0.867194149 -0.497965453 -0.002107678 11724271.103821397 0.497874909 0.867104344 -0.015838127 3123267.823107380 0.009714417 0.012685437 0.999872525 18.778168660
2021-10-26-16-21-34-671 0.867191935 -0.497969449 -0.002074390 11724271.103937503 0.497879139 0.867101562 -0.015857506 3123267.823211995 0.009695259 0.012718771 0.999872287 18.778157611
2021-10-26-16-21-34-772 0.867187214 -0.497977690 -0.002069461 11724271.104014674 0.497887810 0.867097276 -0.015819503 3123267.823450175 0.009672183 0.012688177 0.999872899 18.778213560
2021-10-26-16-21-34-872 0.867180942 -0.497988466 -0.002104513 11724271.103963951 0.497898363 0.867091635 -0.015796593 3123267.823662232 0.009691326 0.012650736 0.999873189 18.778234032
2021-10-26-16-21-34-972 0.867180859 -0.497988514 -0.002127313 11724271.103901999 0.497897684 0.867091203 -0.015841598 3123267.823631492 0.009733507 0.012678411 0.999872428 18.778280853
2021-10-26-16-21-35-072 0.867200870 -0.497953471 -0.002172586 11724271.103917973 0.497862845 0.867112651 -0.015762391 3123267.823768745 0.009732813 0.012587575 0.999873583 18.778264872
2021-10-26-16-21-35-172 0.867197659 -0.497959049 -0.002175662 11724271.103930188 0.497868729 0.867109920 -0.015726768 3123267.823895982 0.009717823 0.012555088 0.999874137 18.778126286
2021-10-26-16-21-35-272 0.867196589 -0.497961020 -0.002150808 11724271.104006482 0.497870544 0.867108000 -0.015775106 3123267.823804479 0.009720369 0.012609360 0.999873429 18.778037555
2021-10-26-16-21-35-372 0.867199404 -0.497956015 -0.002174448 11724271.103930699 0.497864952 0.867110671 -0.015804720 3123267.823796293 0.009755540 0.012623329 0.999872910 18.777975910
2021-10-26-16-21-35-472 0.867188958 -0.497974061 -0.002207532 11724271.103854408 0.497882808 0.867100846 -0.015781302 3123267.823934437 0.009772830 0.012586344 0.999873207 18.777852051
2021-10-26-16-21-35-572 0.867196367 -0.497961294 -0.002176692 11724271.103910606 0.497870537 0.867108088 -0.015770478 3123267.824011858 0.009740515 0.012592457 0.999873446 18.777762808
2021-10-26-16-21-35-672 0.867198412 -0.497957596 -0.002207739 11724271.103776405 0.497866049 0.867109921 -0.015811334 3123267.823913793 0.009787725 0.012612471 0.999872733 18.777686860
2021-10-26-16-21-35-772 0.867193187 -0.497966626 -0.002223760 11724271.103639403 0.497875279 0.867105372 -0.015770053 3123267.824049465 0.009781192 0.012568594 0.999873349 18.777543864
2021-10-26-16-21-35-872 0.867191540 -0.497969605 -0.002198605 11724271.103569796 0.497878624 0.867103545 -0.015764963 3123267.824080573 0.009756890 0.012576670 0.999873485 18.777351817
2021-10-26-16-21-35-972 0.867196605 -0.497960710 -0.002215054 11724271.103429779 0.497869077 0.867108195 -0.015810642 3123267.823970513 0.009793768 0.012608195 0.999872728 18.777233036
2021-10-26-16-21-36-072 0.867190565 -0.497971929 -0.002051900 11724271.103544634 0.497882474 0.867100721 -0.015798677 3123267.824025295 0.009646500 0.012678924 0.999873265 18.776992181
2021-10-26-16-21-36-172 0.867194105 -0.497965674 -0.002073285 11724271.103616979 0.497876196 0.867104792 -0.015773068 3123267.824027234 0.009652200 0.012646139 0.999873625 18.776999317
2021-10-26-16-21-36-272 0.867189200 -0.497974377 -0.002034393 11724271.103664244 0.497885289 0.867099379 -0.015783552 3123267.823925732 0.009623824 0.012674496 0.999873540 18.777060424
2021-10-26-16-21-36-372 0.867191534 -0.497970059 -0.002095612 11724271.103477679 0.497880084 0.867102155 -0.015795243 3123267.823835906 0.009682666 0.012654204 0.999873228 18.777094977
2021-10-26-16-21-36-472 0.867194889 -0.497964569 -0.002009892 11724271.103707815 0.497875561 0.867104524 -0.015807750 3123267.823859409 0.009614484 0.012707791 0.999873207 18.777076341
2021-10-26-16-21-36-573 0.867176396 -0.497996865 -0.001987126 11724271.103944529 0.497908546 0.867086351 -0.015765659 3123267.824122938 0.009574258 0.012682266 0.999873916 18.777120118
2021-10-26-16-21-36-673 0.867184175 -0.497983254 -0.002003481 11724271.103706053 0.497894763 0.867094329 -0.015762152 3123267.824096366 0.009586493 0.012671232 0.999873940 18.777089034
2021-10-26-16-21-36-773 0.867197277 -0.497959114 -0.002308812 11724271.103768853 0.497864798 0.867107874 -0.015962205 3123267.824225846 0.009950513 0.012692971 0.999870108 18.776907851
2021-10-26-16-21-36-873 0.867185648 -0.497975867 -0.002969082 11724271.105824655 0.497870179 0.867099354 -0.016254555 3123267.825632983 0.010668863 0.012617565 0.999863654 18.776366727
2021-10-26-16-21-36-973 0.867164761 -0.498005382 -0.003955133 11724271.111764390 0.497881553 0.867083121 -0.016764126 3123267.829416408 0.011778050 0.012568137 0.999851827 18.775643874
2021-10-26-16-21-37-072 0.867186613 -0.497957325 -0.005060591 11724271.124273365 0.497815363 0.867114198 -0.017118626 3123267.837226835 0.012912452 0.012325869 0.999840836 18.775217785
2021-10-26-16-21-37-173 0.867174201 -0.497971876 -0.005713458 11724271.145249741 0.497817455 0.867106360 -0.017451561 3123267.849353865 0.013644558 0.012289351 0.999831563 18.775170745
2021-10-26-16-21-37-273 0.867186197 -0.497947466 -0.006012440 11724271.174925547 0.497786777 0.867120177 -0.017639105 3123267.866298167 0.013996851 0.012303542 0.999826518 18.775282741
2021-10-26-16-21-37-373 0.867251244 -0.497830935 -0.006274325 11724271.212479364 0.497665680 0.867187724 -0.017735229 3123267.887913970 0.014270159 0.012258449 0.999823209 18.775279840
2021-10-26-16-21-37-473 0.867272997 -0.497790054 -0.006506786 11724271.258472364 0.497620994 0.867211991 -0.017802353 3123267.914420740 0.014504593 0.012201653 0.999820530 18.775154233
2021-10-26-16-21-37-573 0.867329340 -0.497688248 -0.006778733 11724271.314409992 0.497513750 0.867270531 -0.017947438 3123267.946431413 0.014811220 0.012193893 0.999816129 18.774834078
2021-10-26-16-21-37-673 0.867426645 -0.497514668 -0.007063819 11724271.378792476 0.497334033 0.867369895 -0.018125707 3123267.983089637 0.015144744 0.012209710 0.999810939 18.774416758
2021-10-26-16-21-37-773 0.867519333 -0.497350116 -0.007266069 11724271.454637129 0.497164774 0.867463839 -0.018272707 3123268.026332903 0.015390980 0.012239559 0.999806814 18.774022372
2021-10-26-16-21-37-873 0.867661409 -0.497099509 -0.007448701 11724271.539628601 0.496912782 0.867609333 -0.018219448 3123268.075050543 0.015519436 0.012107023 0.999806442 18.773771681
2021-10-26-16-21-37-973 0.867885004 -0.496704809 -0.007725156 11724271.634201178 0.496516760 0.867838670 -0.018093227 3123268.129577416 0.015691177 0.011867236 0.999806636 18.773439827
2021-10-26-16-21-38-073 0.868019963 -0.496463442 -0.008069851 11724271.740504237 0.496274669 0.867981459 -0.017884512 3123268.190782805 0.015883482 0.011519316 0.999807669 18.773197411
2021-10-26-16-21-38-173 0.867966731 -0.496557374 -0.008015934 11724271.855101727 0.496365295 0.867924516 -0.018131325 3123268.255505054 0.015960463 0.011758622 0.999803657 18.773225754
2021-10-26-16-21-38-273 0.867876680 -0.496715986 -0.007938762 11724271.982525362 0.496514575 0.867825578 -0.018768581 3123268.326696649 0.016212108 0.012347169 0.999792514 18.773367963
2021-10-26-16-21-38-374 0.867771448 -0.496901668 -0.007821385 11724272.120052002 0.496693219 0.867711898 -0.019290548 3123268.404094617 0.016372209 0.012855024 0.999783504 18.773120377
2021-10-26-16-21-38-474 0.867493697 -0.497383293 -0.008016991 11724272.266063092 0.497175892 0.867440235 -0.019073196 3123268.488436033 0.016440944 0.012560089 0.999786125 18.772946636
2021-10-26-16-21-38-573 0.867170416 -0.497947754 -0.007951768 11724272.423716737 0.497740329 0.867115396 -0.019122520 3123268.579761393 0.016417110 0.012624634 0.999785703 18.773117400
2021-10-26-16-21-38-673 0.866895403 -0.498421505 -0.008251739 11724272.590087198 0.498210933 0.866845943 -0.019083809 3123268.676676951 0.016664760 0.012432625 0.999784012 18.772713849
2021-10-26-16-21-38-773 0.866339044 -0.499396237 -0.007732360 11724272.770509902 0.499187577 0.866277706 -0.019362678 3123268.780667292 0.016368014 0.012914812 0.999782802 18.772192832
2021-10-26-16-21-38-873 0.865527348 -0.500822257 -0.006261502 11724272.955898846 0.500633051 0.865443234 -0.019358948 3123268.887855998 0.015114362 0.013621051 0.999793168 18.771842441
2021-10-26-16-21-38-974 0.864408134 -0.502764036 -0.005160848 11724273.145898208 0.502591953 0.864310336 -0.019214110 3123269.000060735 0.014120733 0.014015099 0.999802250 18.771611982
2021-10-26-16-21-39-074 0.862831875 -0.505468496 -0.004742305 11724273.338915739 0.505305038 0.862731879 -0.018992934 3123269.116358470 0.013691663 0.013991464 0.999808548 18.771170654
2021-10-26-16-21-39-174 0.860548152 -0.509346350 -0.004786706 11724273.529265376 0.509180714 0.860448383 -0.019073127 3123269.233736943 0.013833536 0.013976112 0.999806810 18.770144293
2021-10-26-16-21-39-274 0.857627745 -0.514248368 -0.004797020 11724273.725460358 0.514081415 0.857528463 -0.019116310 3123269.357370005 0.013944108 0.013928686 0.999805936 18.769067022
2021-10-26-16-21-39-374 0.854057231 -0.520159952 -0.004429341 11724273.921028109 0.519992200 0.853948629 -0.019494735 3123269.482814835 0.013922805 0.014346463 0.999800325 18.768101589
2021-10-26-16-21-39-474 0.849850125 -0.527003454 -0.004677803 11724274.116694039 0.526823673 0.849738779 -0.020025246 3123269.612377395 0.014528280 0.014554147 0.999788709 18.767141821
2021-10-26-16-21-39-574 0.844912873 -0.534884700 -0.004512041 11724274.317453349 0.534700900 0.844795384 -0.020393240 3123269.749181162 0.014719778 0.014817985 0.999782032 18.765796976
2021-10-26-16-21-39-674 0.839468745 -0.543395395 -0.003666894 11724274.516477812 0.543228925 0.839347154 -0.019971496 3123269.889433175 0.013930211 0.014773550 0.999794003 18.764010230
2021-10-26-16-21-39-774 0.833361776 -0.552715855 -0.003621771 11724274.719529305 0.552551314 0.833244134 -0.019784301 3123270.037173315 0.013952912 0.014486332 0.999797888 18.762147840
2021-10-26-16-21-39-874 0.826785632 -0.562506467 -0.003433354 11724274.920573343 0.562337514 0.826661342 -0.020191452 3123270.186762163 0.014196038 0.014763365 0.999790414 18.761169447
2021-10-26-16-21-39-974 0.819459826 -0.573129037 -0.002916522 11724275.122322481 0.572960883 0.819324828 -0.020561871 3123270.341349973 0.014174179 0.015178641 0.999784505 18.760927902
2021-10-26-16-21-40-074 0.811195824 -0.584770706 -0.002091291 11724275.327768285 0.584600212 0.811036949 -0.021489151 3123270.503552255 0.014262335 0.016209407 0.999767071 18.760304224
2021-10-26-16-21-40-174 0.801863361 -0.597504606 -0.001796720 11724275.528125282 0.597321819 0.801686448 -0.022485404 3123270.668831951 0.014875534 0.016957068 0.999745734 18.760118131
2021-10-26-16-21-40-274 0.791195710 -0.611561513 -0.001309091 11724275.730860613 0.611380108 0.791010454 -0.022735854 3123270.845474673 0.014939873 0.017188225 0.999740827 18.760144667
2021-10-26-16-21-40-374 0.779718181 -0.626129350 -0.001209554 11724275.927803777 0.625943778 0.779532072 -0.022895631 3123271.026333288 0.015278507 0.017095094 0.999737306 18.759805879
2021-10-26-16-21-40-474 0.767110491 -0.641514159 -0.000981264 11724276.122251658 0.641331821 0.766927913 -0.022696472 3123271.213689358 0.015312662 0.016781453 0.999742098 18.759839708
2021-10-26-16-21-40-574 0.753329142 -0.657643376 -0.000547499 11724276.316682285 0.657472362 0.753152432 -0.022170792 3123271.410788520 0.014992819 0.016342004 0.999754225 18.760271006
2021-10-26-16-21-40-674 0.738555076 -0.674192549 0.000857104 11724276.505298400 0.674032905 0.738352029 -0.022714291 3123271.608296958 0.014680956 0.017353539 0.999741807 18.760245163
2021-10-26-16-21-40-775 0.722169912 -0.691712254 0.002174015 11724276.695225867 0.691557965 0.721935356 -0.023599045 3123271.817462987 0.014754245 0.018546045 0.999719317 18.759833823
2021-10-26-16-21-40-875 0.705164060 -0.709038094 0.002933255 11724276.874448154 0.708876913 0.704902620 -0.024612746 3123272.027519034 0.015383711 0.019435409 0.999692935 18.759908988
2021-10-26-16-21-40-975 0.687045194 -0.726607221 0.003293340 11724277.047917739 0.726444918 0.686780411 -0.024706102 3123272.245051095 0.015689825 0.019366707 0.999689510 18.760372983
2021-10-26-16-21-41-075 0.668246142 -0.743933420 0.003191140 11724277.217372861 0.743778380 0.668005846 -0.023702965 3123272.472982202 0.015501721 0.018212984 0.999714130 18.761137614
2021-10-26-16-21-41-175 0.649772126 -0.760123834 0.002826354 11724277.377422631 0.759976536 0.649563459 -0.022424827 3123272.701363316 0.015209744 0.016719057 0.999744714 18.762846671
2021-10-26-16-21-41-275 0.630073239 -0.776527336 0.003616667 11724277.537505304 0.776391017 0.629859771 -0.022215484 3123272.937513365 0.014972932 0.016805396 0.999746841 18.765424045
2021-10-26-16-21-41-375 0.609894372 -0.792467290 0.004954194 11724277.691658810 0.792343411 0.609658717 -0.022539209 3123273.173876157 0.014841213 0.017672027 0.999733862 18.767097513
2021-10-26-16-21-41-475 0.589693854 -0.807602982 0.006220968 11724277.840379981 0.807483344 0.589427033 -0.023371884 3123273.414639323 0.015208390 0.018805652 0.999707661 18.768540529
2021-10-26-16-21-41-575 0.568406701 -0.822717467 0.007066420 11724277.984701710 0.822596533 0.568117294 -0.024030885 3123273.663813885 0.015756068 0.019472196 0.999686419 18.771169330
2021-10-26-16-21-41-675 0.547064696 -0.837054936 0.007708304 11724278.119520489 0.836938665 0.546767748 -0.024051580 3123273.913855076 0.015917836 0.019609216 0.999681178 18.773958848
2021-10-26-16-21-41-775 0.525358385 -0.850846709 0.007657213 11724278.249904785 0.850729255 0.525074017 -0.023595881 3123274.174601411 0.016055869 0.018910576 0.999692430 18.776159369
2021-10-26-16-21-41-875 0.503561585 -0.863925144 0.007699715 11724278.372862725 0.863812802 0.503292633 -0.022884504 3123274.436255448 0.015895283 0.018174937 0.999708641 18.777963759
2021-10-26-16-21-41-975 0.481454402 -0.876436317 0.007827672 11724278.490263943 0.876332206 0.481200436 -0.022084301 3123274.702846319 0.015588798 0.017492293 0.999725645 18.779229076
2021-10-26-16-21-42-075 0.459245784 -0.888271229 0.008233203 11724278.604801126 0.888177740 0.458999148 -0.021442403 3123274.977819117 0.015267632 0.017159948 0.999736361 18.779771482
2021-10-26-16-21-42-175 0.437047073 -0.899402816 0.008043691 11724278.711767271 0.899300044 0.436805779 -0.021443293 3123275.251329977 0.015772622 0.016605487 0.999737885 18.779214276
2021-10-26-16-21-42-275 0.414541992 -0.909995540 0.007958821 11724278.814788891 0.909891715 0.414310989 -0.021050530 3123275.534687356 0.015858456 0.015968061 0.999746911 18.778246935
2021-10-26-16-21-42-375 0.393152883 -0.919437800 0.008077587 11724278.911511205 0.919347542 0.392939306 -0.019960857 3123275.817918664 0.015178760 0.015273845 0.999768309 18.777190614
2021-10-26-16-21-42-476 0.372790652 -0.927882063 0.007894769 11724279.004427522 0.927800493 0.372597483 -0.018894016 3123276.106749077 0.014589843 0.014368349 0.999790499 18.776744758
2021-10-26-16-21-42-576 0.353959796 -0.935236078 0.006802663 11724279.092164120 0.935148651 0.353795906 -0.018029593 3123276.398503989 0.014455168 0.012743318 0.999814489 18.776609460
2021-10-26-16-21-42-676 0.337040614 -0.941474443 0.005462878 11724279.174566522 0.941382990 0.336909439 -0.017020419 3123276.686180135 0.014183790 0.010879298 0.999840395 18.775204450
2021-10-26-16-21-42-776 0.322035952 -0.946718480 0.004161934 11724279.256599119 0.946622031 0.321931718 -0.016318354 3123276.979505825 0.014109024 0.009194939 0.999858362 18.773418735
2021-10-26-16-21-42-876 0.309906542 -0.950759682 0.003784877 11724279.338215344 0.950668361 0.309814894 -0.015619828 3123277.268154692 0.013678087 0.008438914 0.999871016 18.772016642
2021-10-26-16-21-42-976 0.300562883 -0.953752749 0.004244406 11724279.422063926 0.953671967 0.300470711 -0.015056815 3123277.556443796 0.013085155 0.008573355 0.999877809 18.771337415
2021-10-26-16-21-43-076 0.294466607 -0.955656246 0.003305921 11724279.504154073 0.955577077 0.294392993 -0.014310385 3123277.847660319 0.012702565 0.007373057 0.999892313 18.771474356
2021-10-26-16-21-43-176 0.291054797 -0.956704940 0.001771063 11724279.584081953 0.956623268 0.291004873 -0.013698766 3123278.131133921 0.012590287 0.005681395 0.999904776 18.770862679
2021-10-26-16-21-43-276 0.289599110 -0.957147477 0.001199001 11724279.669306550 0.957069339 0.289559259 -0.013163777 3123278.418646195 0.012252492 0.004959809 0.999912812 18.770367554
2021-10-26-16-21-43-376 0.289864560 -0.957066950 0.001328478 11724279.756213084 0.956993163 0.289824645 -0.012858036 3123278.699657673 0.011920972 0.004998497 0.999916627 18.770623912
2021-10-26-16-21-43-476 0.292145044 -0.956373991 0.000659668 11724279.844124209 0.956303964 0.292115464 -0.012282294 3123278.980139372 0.011553764 0.004219118 0.999924530 18.771316430
2021-10-26-16-21-43-576 0.297785638 -0.954630862 -0.002000619 11724279.933845595 0.954557455 0.297787998 -0.011914177 3123279.264120165 0.011969398 0.001638228 0.999927200 18.771082599
2021-10-26-16-21-43-676 0.306203057 -0.951957198 -0.004188965 11724280.029213008 0.951874958 0.306231811 -0.012478822 3123279.541040839 0.013162095 -0.000166255 0.999913539 18.770309918
2021-10-26-16-21-43-776 0.317632960 -0.948203624 -0.004421578 11724280.137919316 0.948115032 0.317663876 -0.012928080 3123279.823712398 0.013663023 -0.000085719 0.999906830 18.769865601
2021-10-26-16-21-43-877 0.331809740 -0.943337944 -0.004021178 11724280.255858328 0.943247621 0.331833842 -0.013031507 3123280.104969266 0.013627474 0.000531077 0.999907178 18.769970911
2021-10-26-16-21-43-977 0.349289974 -0.937004547 -0.004396845 11724280.381141461 0.936920651 0.349317728 -0.012506929 3123280.385821555 0.013254942 0.000249111 0.999912295 18.770538651
2021-10-26-16-21-44-077 0.370860180 -0.928662822 -0.006958023 11724280.514520282 0.928594270 0.370919040 -0.011461606 3123280.672305386 0.013224827 -0.002210465 0.999910281 18.769775385
2021-10-26-16-21-44-177 0.393935754 -0.919095627 -0.008840728 11724280.656258257 0.919036338 0.394017124 -0.011061382 3123280.953426961 0.013649862 -0.003767415 0.999899915 18.768176411
2021-10-26-16-21-44-277 0.419543438 -0.907685983 -0.009473574 11724280.815557055 0.907634667 0.419629582 -0.010487346 3123281.238775508 0.013494605 -0.004198586 0.999900306 18.767275818
2021-10-26-16-21-44-377 0.446792178 -0.894585282 -0.009704958 11724280.985632682 0.894543995 0.446876242 -0.009609687 3123281.517314128 0.012933597 -0.004387919 0.999906907 18.766356792
2021-10-26-16-21-44-477 0.476059444 -0.879356360 -0.010001793 11724281.169177659 0.879322313 0.476143058 -0.008931178 3123281.793261084 0.012615970 -0.004542968 0.999910272 18.765366474
2021-10-26-16-21-44-577 0.507035124 -0.861864788 -0.010231207 11724281.368523944 0.861838043 0.507117143 -0.008193178 3123282.067617022 0.012249828 -0.004663354 0.999914270 18.764367469
2021-10-26-16-21-44-677 0.538169297 -0.842768611 -0.010726221 11724281.576110754 0.842749465 0.538253276 -0.007517905 3123282.330633381 0.012109274 -0.004993550 0.999914388 18.763427042
2021-10-26-16-21-44-777 0.570858827 -0.820963637 -0.011791903 11724281.799710702 0.820961584 0.570948476 -0.006302276 3123282.592293290 0.011906505 -0.006082929 0.999910789 18.762672598
2021-10-26-16-21-44-877 0.603851004 -0.796997842 -0.012589989 11724282.032701885 0.797015572 0.603939983 -0.004745211 3123282.841211461 0.011385518 -0.007168956 0.999909660 18.761705587
2021-10-26-16-21-44-977 0.636874677 -0.770860081 -0.012862553 11724282.280255074 0.770882542 0.636963536 -0.004176196 3123283.079990131 0.011412238 -0.007255744 0.999908730 18.760810153
2021-10-26-16-21-45-077 0.669662972 -0.742555592 -0.012756112 11724282.543270065 0.742571444 0.669752669 -0.004351391 3123283.309393729 0.011774586 -0.006558299 0.999909346 18.760733731
2021-10-26-16-21-45-177 0.701087126 -0.712961390 -0.012762394 11724282.810204161 0.712972385 0.701178047 -0.004437201 3123283.523811212 0.012112261 -0.005988310 0.999908889 18.760490683
2021-10-26-16-21-45-277 0.731644299 -0.681565805 -0.012830071 11724283.092865644 0.681570214 0.731737779 -0.004676762 3123283.732083153 0.012575766 -0.005322808 0.999906931 18.760334301
2021-10-26-16-21-45-377 0.759757641 -0.650072283 -0.013200468 11724283.380152885 0.650078708 0.759854406 -0.004359212 3123283.927677621 0.012864232 -0.005269339 0.999903545 18.760313598
2021-10-26-16-21-45-477 0.786314217 -0.617679800 -0.013471236 11724283.678216964 0.617687188 0.786413364 -0.004079891 3123284.113952675 0.013114021 -0.005112873 0.999901112 18.760552090
2021-10-26-16-21-45-578 0.811715456 -0.583894221 -0.013615271 11724283.992699051 0.583902540 0.811815193 -0.003747506 3123284.293439420 0.013241227 -0.004908023 0.999900462 18.761347076
2021-10-26-16-21-45-678 0.834782966 -0.550386970 -0.014538380 11724284.305564083 0.550410812 0.834889868 -0.002647453 3123284.457954419 0.013595065 -0.005791972 0.999890985 18.761928676
2021-10-26-16-21-45-778 0.857038714 -0.515033343 -0.015001460 11724284.633800868 0.515068067 0.857147654 -0.001727776 3123284.612779467 0.013748324 -0.006245942 0.999886156 18.762198482
2021-10-26-16-21-45-878 0.877967692 -0.478472860 -0.015367640 11724284.964081971 0.478519233 0.878076906 -0.000724556 3123284.750735882 0.013840645 -0.006717515 0.999881826 18.762361950
2021-10-26-16-21-45-978 0.897733008 -0.440273244 -0.015316410 11724285.304186463 0.440319430 0.897841259 -0.000379625 3123284.873837355 0.013918839 -0.006403251 0.999882802 18.762859626
2021-10-26-16-21-46-077 0.915543042 -0.401895116 -0.016152388 11724285.650182536 0.401958698 0.915657636 0.000774765 3123284.985745807 0.014478678 -0.007201864 0.999869418 18.764318001
2021-10-26-16-21-46-178 0.932252219 -0.361455959 -0.015968828 11724286.003820112 0.361521543 0.932362967 0.001342509 3123285.082889759 0.014403482 -0.007024573 0.999871766 18.766438324
2021-10-26-16-21-46-278 0.947558567 -0.319215280 -0.015295534 11724286.365729686 0.319284472 0.947656404 0.002263803 3123285.164416017 0.013772265 -0.007028653 0.999880631 18.767892336
2021-10-26-16-21-46-378 0.960804021 -0.276854913 -0.014371936 11724286.724594351 0.276907186 0.960895267 0.001754881 3123285.224962065 0.013324074 -0.005665729 0.999895355 18.768797912
2021-10-26-16-21-46-478 0.972192966 -0.233771547 -0.013829023 11724287.087340480 0.233804798 0.972283416 0.000824524 3123285.268628458 0.013252975 -0.004034827 0.999904211 18.769978743
2021-10-26-16-21-46-578 0.981720803 -0.189844430 -0.013523270 11724287.455210961 0.189856540 0.981811981 -0.000387487 3123285.296536470 0.013350866 -0.002187016 0.999908658 18.772091240
2021-10-26-16-21-46-678 0.989136259 -0.146418575 -0.013060313 11724287.816454891 0.146444607 0.989218525 0.001060036 3123285.312262548 0.012764291 -0.002961072 0.999914326 18.774715326
2021-10-26-16-21-46-778 0.994664716 -0.102469151 -0.011902695 11724288.186183050 0.102497614 0.994731830 0.001809096 3123285.311840772 0.011654611 -0.003019380 0.999927701 18.776494989
2021-10-26-16-21-46-878 0.998175243 -0.059399528 -0.010833801 11724288.548329672 0.059431168 0.998229183 0.002624699 3123285.295225260 0.010658709 -0.003263714 0.999938045 18.777322168
2021-10-26-16-21-46-978 0.999823894 -0.015683251 -0.010281210 11724288.910265690 0.015704962 0.999874827 0.002035077 3123285.260456099 0.010248003 -0.002196123 0.999945253 18.777561101
2021-10-26-16-21-47-078 0.999568886 0.027522303 -0.010200650 11724289.273833573 -0.027513343 0.999621148 0.001016290 3123285.207734542 0.010224755 -0.000735135 0.999947632 18.777624850
2021-10-26-16-21-47-178 0.997573168 0.068965658 -0.009539601 11724289.628749551 -0.068975068 0.997618390 -0.000664076 3123285.140038777 0.009471080 0.001320521 0.999954453 18.777986943
2021-10-26-16-21-47-278 0.993927595 0.109685557 -0.008747111 11724289.987961046 -0.109697633 0.993964805 -0.000917575 3123285.059950545 0.008593675 0.001871604 0.999961499 18.778535381
2021-10-26-16-21-47-379 0.988827216 0.148833755 -0.008292203 11724290.340082778 -0.148837955 0.988861814 0.000102932 3123284.970691058 0.008215161 0.001132474 0.999965791 18.778328708
2021-10-26-16-21-47-478 0.982565985 0.185726292 -0.008327741 11724290.683758240 -0.185723467 0.982601644 0.001107200 3123284.871324818 0.008388488 0.000458822 0.999964888 18.777666444
2021-10-26-16-21-47-578 0.975253874 0.220911797 -0.008797342 11724291.029931383 -0.220916438 0.975292850 0.000440574 3123284.755695746 0.008677312 0.001513868 0.999961383 18.777487640
2021-10-26-16-21-47-678 0.967511458 0.252644517 -0.009585241 11724291.364931976 -0.252666085 0.967553112 -0.001103786 3123284.631088411 0.008995364 0.003489854 0.999953628 18.777754132
2021-10-26-16-21-47-778 0.959420846 0.281783534 -0.010452064 11724291.703166971 -0.281828759 0.959459827 -0.003125572 3123284.495695454 0.009147599 0.005944496 0.999940668 18.777957317
2021-10-26-16-21-47-878 0.951470041 0.307543490 -0.011015510 11724292.032833580 -0.307596090 0.951511055 -0.003423993 3123284.359563926 0.009428352 0.006646219 0.999933643 18.777622587
2021-10-26-16-21-47-979 0.943320135 0.331710624 -0.010713448 11724292.365969416 -0.331749497 0.943365481 -0.002047024 3123284.218483170 0.009427675 0.005485242 0.999940691 18.776983339
2021-10-26-16-21-48-079 0.935514464 0.353145284 -0.010035147 11724292.697702410 -0.353174942 0.935556554 -0.001315531 3123284.071737970 0.008923872 0.004774924 0.999948958 18.776078124
2021-10-26-16-21-48-179 0.928307377 0.371682385 -0.009861019 11724293.019016713 -0.371714968 0.928345597 -0.001660643 3123283.921454045 0.008537200 0.005207140 0.999950177 18.775282067
2021-10-26-16-21-48-279 0.922072132 0.386880190 -0.010311851 11724293.342507774 -0.386933712 0.922099976 -0.003774685 3123283.763391296 0.008048206 0.007470598 0.999939884 18.774677149
2021-10-26-16-21-48-379 0.917323427 0.397993942 -0.010871681 11724293.657216450 -0.398073401 0.917330982 -0.006460522 3123283.607329296 0.007401681 0.010254180 0.999920208 18.774223163
2021-10-26-16-21-48-479 0.914157015 0.405218757 -0.010693847 11724293.974008236 -0.405308601 0.914142861 -0.008250087 3123283.454371268 0.006432614 0.011876249 0.999908962 18.773928449
2021-10-26-16-21-48-579 0.912834617 0.408200456 -0.010246900 11724294.293499827 -0.408289192 0.912808699 -0.008972635 3123283.306586085 0.005690827 0.012374296 0.999907419 18.773522247
2021-10-26-16-21-48-679 0.913636192 0.406409587 -0.009990129 11724294.604030792 -0.406500019 0.913597516 -0.009879714 3123283.168290478 0.005111747 0.013087517 0.999901467 18.773798577
2021-10-26-16-21-48-779 0.916160221 0.400693354 -0.009743124 11724294.916153401 -0.400785252 0.916108451 -0.010806855 3123283.036337244 0.004595524 0.013805777 0.999894313 18.773935372
2021-10-26-16-21-48-879 0.919927258 0.391981982 -0.009143463 11724295.215120021 -0.392068115 0.919867228 -0.011277530 3123282.918338574 0.003990185 0.013959433 0.999894779 18.773551524
2021-10-26-16-21-48-979 0.924397212 0.381329378 -0.008793648 11724295.506857665 -0.381409940 0.924341767 -0.010911892 3123282.811146521 0.003967313 0.013440973 0.999901973 18.772928874
2021-10-26-16-21-49-079 0.929426367 0.368902091 -0.008803081 11724295.792626958 -0.368980924 0.929380045 -0.010302071 3123282.712481936 0.004380955 0.012823252 0.999908359 18.772190779
2021-10-26-16-21-49-179 0.934370239 0.356173505 -0.009607347 11724296.064758537 -0.356261322 0.934333839 -0.009923711 3123282.621052351 0.005441907 0.012695212 0.999904782 18.771412024
2021-10-26-16-21-49-279 0.939727254 0.341745384 -0.011062654 11724296.336821264 -0.341858658 0.939689206 -0.010825694 3123282.532902536 0.006695826 0.013955129 0.999880381 18.770431794
2021-10-26-16-21-49-379 0.945685991 0.324834735 -0.012648787 11724296.600700172 -0.324989360 0.945627214 -0.013093511 3123282.452604472 0.007707809 0.016493138 0.999834447 18.769330288
2021-10-26-16-21-49-479 0.952287702 0.304899832 -0.013557420 11724296.866371075 -0.305081085 0.952219364 -0.014289129 3123282.383420262 0.008552884 0.017743541 0.999806167 18.767709179
2021-10-26-16-21-49-579 0.959232207 0.282297971 -0.013453377 11724297.135206310 -0.282477176 0.959170800 -0.014085409 3123282.327602343 0.008927804 0.017311517 0.999810463 18.766620256
2021-10-26-16-21-49-679 0.966355761 0.256888505 -0.012821524 11724297.397671716 -0.257056524 0.966297256 -0.013854514 3123282.283752659 0.008830337 0.016684313 0.999821992 18.766339647
2021-10-26-16-21-49-780 0.973641978 0.227735208 -0.012550366 11724297.665056301 -0.227907171 0.973573637 -0.014597910 3123282.248745888 0.008894246 0.017073524 0.999814854 18.766165289
2021-10-26-16-21-49-880 0.980426807 0.196506262 -0.012169250 11724297.922036815 -0.196681171 0.980346771 -0.015399460 3123282.226864780 0.008903993 0.017491573 0.999807542 18.765789455
2021-10-26-16-21-49-980 0.986881103 0.161063270 -0.011127646 11724298.178451708 -0.161237015 0.986768625 -0.017050939 3123282.217135031 0.008234131 0.018621505 0.999792876 18.765837030
2021-10-26-16-21-50-080 0.992607918 0.120939335 -0.010134123 11724298.432263697 -0.121113669 0.992459779 -0.018854923 3123282.221950167 0.007777407 0.019942994 0.999771047 18.765840697
2021-10-26-16-21-50-180 0.996857868 0.078654897 -0.009343014 11724298.674867854 -0.078830438 0.996683473 -0.020205570 3123282.241634925 0.007722759 0.020878663 0.999752368 18.765708590
2021-10-26-16-21-50-280 0.999426376 0.032689276 -0.008821518 11724298.915798686 -0.032867891 0.999240814 -0.020927301 3123282.276983185 0.008130722 0.021205309 0.999742259 18.765493565
2021-10-26-16-21-50-380 0.999865073 -0.014250919 -0.008138488 11724299.145792710 0.014073760 0.999671630 -0.021424635 3123282.325543386 0.008441136 0.021307274 0.999737517 18.765210650
2021-10-26-16-21-50-480 0.997994232 -0.062867316 -0.007396318 11724299.371552350 0.062696528 0.997803142 -0.021412259 3123282.388014751 0.008726200 0.020905655 0.999743549 18.764275561
2021-10-26-16-21-50-580 0.993667101 -0.112150376 -0.006890890 11724299.592497671 0.111985202 0.993489896 -0.020918507 3123282.463308743 0.009192047 0.020014422 0.999757614 18.763696252
2021-10-26-16-21-50-680 0.987038807 -0.160364653 -0.006089686 11724299.802799487 0.160204468 0.986857280 -0.021158154 3123282.546249479 0.009402669 0.019908391 0.999757772 18.763515804
2021-10-26-16-21-50-780 0.977753790 -0.209691864 -0.005135946 11724300.010194069 0.209528097 0.977543095 -0.022536326 3123282.638477906 0.009746291 0.020958921 0.999733009 18.763508142
2021-10-26-16-21-50-880 0.966218564 -0.257691567 -0.004036803 11724300.207102802 0.257533542 0.965990650 -0.023214813 3123282.739705713 0.009881774 0.021391040 0.999722527 18.763355590
2021-10-26-16-21-50-980 0.952223107 -0.305381969 -0.003547423 11724300.399560610 0.305226237 0.952004522 -0.022906324 3123282.854579050 0.010372339 0.020729233 0.999731500 18.763045731
