1 0 0 0 0 1 0 0 0 0 1 0
0.998764 -0.0496941 0.000809009 0.312323 0.0496935 0.998764 0.00070796 0.0684339 -0.00084319 -0.000666883 0.999999 -0.00084319
0.995122 -0.0986395 0.00124517 0.615208 0.0986368 0.995121 0.00208449 0.146355 -0.00144471 -0.0019515 0.999997 -0.00144471
0.989288 -0.145969 0.00142908 0.912419 0.145963 0.989283 0.00372094 0.236513 -0.0019569 -0.00347249 0.999992 -0.0019569
0.981498 -0.191464 0.00159201 1.20556 0.191453 0.981488 0.00513839 0.337807 -0.00254636 -0.00473852 0.999986 -0.00254636
0.971881 -0.235458 0.00267533 1.49782 0.235437 0.971868 0.00652406 0.455705 -0.00413621 -0.00571074 0.999975 -0.00413621
0.96055 -0.27808 0.00387419 1.78305 0.278046 0.960538 0.0075297 0.585429 -0.00581517 -0.00615545 0.999964 -0.00581517
0.947914 -0.318505 0.00375927 2.06038 0.318463 0.947894 0.00886348 0.715761 -0.00638645 -0.00720463 0.999954 -0.00638645
0.934511 -0.355916 0.00348791 2.32743 0.355863 0.934476 0.0107751 0.845971 -0.00709438 -0.0088282 0.999936 -0.00709438
0.920669 -0.390322 0.00406723 2.59816 0.390257 0.920634 0.0115023 0.988562 -0.00823404 -0.00900255 0.999926 -0.00823404
0.906045 -0.423156 0.00460945 2.86708 0.423092 0.906024 0.0106148 1.13999 -0.00866798 -0.00766723 0.999933 -0.00866798
0.890974 -0.454019 0.00565484 3.12887 0.453954 0.89097 0.00993987 1.29717 -0.00955119 -0.00628912 0.999935 -0.00955119
0.874895 -0.48426 0.00718028 3.39421 0.48419 0.874911 0.00952726 1.49229 -0.0108958 -0.00485873 0.999929 -0.0108958
0.857122 -0.515056 0.00765539 3.64227 0.514986 0.857146 0.00948462 1.68803 -0.0114469 -0.00418706 0.999926 -0.0114469
0.838355 -0.545082 0.00688174 3.87601 0.545007 0.838369 0.0102306 1.87953 -0.011346 -0.0048263 0.999924 -0.011346
0.819364 -0.573246 0.00567909 4.10691 0.573165 0.819361 0.0114213 2.07776 -0.0112005 -0.00610316 0.999919 -0.0112005
0.800221 -0.599686 0.0048022 4.32757 0.599605 0.800208 0.0118865 2.27681 -0.0109709 -0.00663242 0.999918 -0.0109709
0.781172 -0.624305 0.00379371 4.55097 0.624233 0.781152 0.01156 2.48301 -0.0101804 -0.00666217 0.999926 -0.0101804
0.762723 -0.646719 0.00280491 4.7691 0.646658 0.762699 0.0111011 2.68907 -0.00931859 -0.00665325 0.999934 -0.00931859
0.744923 -0.667144 0.0029046 4.98729 0.667086 0.744905 0.0106109 2.91511 -0.00924268 -0.00596671 0.999939 -0.00924268
0.727355 -0.686252 0.00356274 5.20609 0.686189 0.727344 0.0107246 3.14756 -0.00995109 -0.00535586 0.999936 -0.00995109
0.710957 -0.703223 0.00417456 5.42915 0.703154 0.710952 0.0110482 3.3774 -0.0107372 -0.00491942 0.99993 -0.0107372
0.695568 -0.718444 0.00481658 5.64893 0.718372 0.695572 0.0109883 3.62242 -0.0112448 -0.00418302 0.999928 -0.0112448
0.681242 -0.732042 0.00479343 5.85529 0.731972 0.681248 0.0108533 3.8621 -0.0112106 -0.00388508 0.99993 -0.0112106
0.668715 -0.74351 0.00368969 6.07225 0.743442 0.668709 0.0110508 4.12247 -0.0106837 -0.00464676 0.999932 -0.0106837
0.657891 -0.753108 0.00283215 6.28682 0.753044 0.657877 0.0110389 4.39153 -0.0101767 -0.00512965 0.999935 -0.0101767
0.648314 -0.761368 0.00287586 6.50502 0.761304 0.648302 0.0109648 4.66225 -0.0102127 -0.00491922 0.999936 -0.0102127
0.639705 -0.768613 0.00330294 6.72293 0.76856 0.639703 0.0097712 4.93202 -0.00962318 -0.00371219 0.999947 -0.00962318
0.63197 -0.774981 0.00419451 6.94778 0.774943 0.631981 0.00794785 5.21489 -0.00881029 -0.0017723 0.99996 -0.00881029
0.624668 -0.78087 0.00557385 7.1696 0.780848 0.624693 0.00591754 5.50897 -0.00810277 0.000655834 0.999967 -0.00810277
0.617721 -0.786371 0.00642149 7.38985 0.786363 0.61775 0.00426967 5.81015 -0.00732442 0.00241216 0.99997 -0.00732442
0.611195 -0.791458 0.0059761 7.60629 0.791449 0.61122 0.00424359 6.11598 -0.00701134 0.00213612 0.999973 -0.00701134
0.604752 -0.796396 0.00536832 7.82834 0.796383 0.604774 0.00468443 6.44091 -0.00697728 0.00144232 0.999975 -0.00697728
0.597875 -0.801573 0.00505879 8.04798 0.801564 0.597895 0.00405856 6.76315 -0.00627785 0.00162843 0.999979 -0.00627785
0.591004 -0.806656 0.00461944 8.2759 0.806657 0.591017 0.00213085 7.10066 -0.00444903 0.00246696 0.999987 -0.00444903
0.583776 -0.811907 0.00347944 8.50638 0.811911 0.583781 0.000231992 7.44124 -0.00221959 0.00268957 0.999994 -0.00221959
0.576632 -0.817 0.00244104 8.73443 0.817004 0.576629 -0.00197464 7.79231 0.000205711 0.00313298 0.999995 0.000205711
0.569583 -0.821933 0.00100321 8.96507 0.821932 0.569578 -0.00292504 8.1442 0.00183278 0.00249062 0.999995 0.00183278
0.563258 -0.826281 -0.000958548 9.19518 0.826276 0.563258 -0.00297247 8.51191 0.002996 0.000882242 0.999995 0.002996
0.557597 -0.830109 -0.0020937 9.43015 0.830103 0.557601 -0.00315024 8.89291 0.00378249 1.85739e-05 0.999993 0.00378249
0.552529 -0.833492 -0.00141866 9.67582 0.833489 0.552531 -0.00231038 9.27776 0.00270954 9.41109e-05 0.999996 0.00270954
0.548517 -0.836139 0.000858392 9.92496 0.836139 0.548516 -0.000821873 9.67683 0.000216358 0.00116855 0.999999 0.000216358
0.545766 -0.837933 0.00278232 10.1815 0.837924 0.545773 0.00385305 10.0904 -0.00474711 0.000228512 0.999989 -0.00474711
0.544664 -0.83865 0.00257121 10.4355 0.838591 0.544658 0.010605 10.5152 -0.0102943 -0.00361998 0.99994 -0.0102943
0.544765 -0.838589 -0.000174124 10.6891 0.838485 0.544694 0.0158259 10.9482 -0.0131766 -0.00876739 0.999875 -0.0131766
0.545447 -0.838136 -0.0039206 10.9528 0.838062 0.545322 0.0166177 11.3831 -0.0117899 -0.0123498 0.999854 -0.0117899
0.546425 -0.837483 -0.00654001 11.2341 0.837485 0.546335 0.0117314 11.8143 -0.00625182 -0.0118875 0.99991 -0.00625182
0.548282 -0.836267 -0.0067142 11.5207 0.836293 0.548271 0.00350157 12.2442 0.000752958 -0.00753489 0.999971 0.000752958
0.551543 -0.834072 -0.0111734 11.8133 0.834082 0.551617 -0.00507494 12.6803 0.0103963 -0.00652046 0.999925 0.0103963
0.556014 -0.831009 -0.0164855 12.0995 0.83102 0.556183 -0.00812013 13.1401 0.0159169 -0.0091849 0.999831 0.0159169
0.560637 -0.827867 -0.0179815 12.3967 0.827978 0.560757 -0.0020391 13.6318 0.0117714 -0.0137451 0.999836 0.0117714
0.565159 -0.824875 -0.013298 12.7205 0.82498 0.565118 0.00704861 14.1208 0.00170073 -0.0149542 0.999887 0.00170073
0.570184 -0.821487 -0.00697089 13.0534 0.82149 0.570076 0.0129798 14.6088 -0.00668877 -0.0131274 0.999891 -0.00668877
0.575798 -0.817578 -0.00478069 13.3853 0.817548 0.575697 0.0137247 15.0893 -0.00846878 -0.0118111 0.999894 -0.00846878
0.581061 -0.813829 -0.00713616 13.7255 0.813845 0.580974 0.0112124 15.5882 -0.00497903 -0.0123228 0.999912 -0.00497903
0.585646 -0.810493 -0.0109488 14.0805 0.810566 0.585608 0.00675512 16.0979 0.000936705 -0.0128308 0.999917 0.000936705
0.589313 -0.807805 -0.0126874 14.4308 0.807887 0.58933 0.00274648 16.6019 0.00525845 -0.0118685 0.999916 0.00525845
0.592172 -0.805734 -0.0112276 14.7992 0.805786 0.592207 0.00026001 17.1223 0.00643954 -0.00920099 0.999937 0.00643954
0.594585 -0.803985 -0.00881713 15.1755 0.804014 0.594611 -0.000423476 17.6526 0.00558323 -0.0068373 0.999961 0.00558323
0.596367 -0.802665 -0.00865155 15.5668 0.802695 0.59639 -7.10883e-05 18.2036 0.00521676 -0.00690217 0.999963 0.00521676
0.597447 -0.801854 -0.00933336 15.9535 0.801891 0.59747 0.000444144 18.7496 0.00522026 -0.00774969 0.999956 0.00522026
0.59805 -0.801409 -0.00896456 16.3553 0.801442 0.598073 0.000144434 19.311 0.00524571 -0.00727095 0.99996 0.00524571
0.599035 -0.800675 -0.00873689 16.7612 0.800703 0.599061 -0.000441517 19.8671 0.00558744 -0.00673117 0.999962 0.00558744
0.600559 -0.799539 -0.00816573 17.1733 0.799562 0.600583 -0.000588474 20.4389 0.0053747 -0.00617559 0.999966 0.0053747
0.602228 -0.798286 -0.00781605 17.5924 0.798308 0.602249 -0.000389969 21.0163 0.00501851 -0.00600477 0.999969 0.00501851
0.604151 -0.796828 -0.00821994 18.0198 0.796858 0.604166 0.000671768 21.6095 0.00443093 -0.00695598 0.999966 0.00443093
0.606131 -0.795321 -0.00834653 18.4508 0.795357 0.606139 0.00176585 22.2063 0.00365474 -0.0077088 0.999964 0.00365474
0.607969 -0.793934 -0.00643392 18.8918 0.793957 0.60797 0.00214588 22.8085 0.00220794 -0.00641288 0.999977 0.00220794
0.60952 -0.792758 -0.00447776 19.3341 0.792771 0.609511 0.0032729 23.4045 0.00013463 -0.00554473 0.999985 0.00013463
0.611089 -0.791552 -0.0039862 19.7781 0.79156 0.611069 0.0052711 24.0068 -0.00173651 -0.00637643 0.999978 -0.00173651
0.612102 -0.790771 -0.00350868 20.2175 0.790771 0.612072 0.0069345 24.6094 -0.00333603 -0.00701919 0.99997 -0.00333603
0.612589 -0.790399 -0.00192732 20.6482 0.790388 0.612563 0.00738779 25.1961 -0.0046587 -0.00604901 0.999971 -0.0046587
0.612895 -0.790164 0.000228408 21.0895 0.790136 0.612876 0.0082435 25.7845 -0.0066537 -0.00487193 0.999966 -0.0066537
0.613265 -0.789875 0.00174675 21.5137 0.789822 0.613246 0.0105281 26.3539 -0.0093871 -0.00507691 0.999943 -0.0093871
0.613857 -0.789415 0.00205034 21.9253 0.789327 0.613824 0.0135073 26.9246 -0.0119214 -0.00667317 0.999907 -0.0119214
0.613863 -0.789407 0.00291239 22.3349 0.789311 0.613838 0.0138263 27.4786 -0.0127023 -0.00618869 0.9999 -0.0127023
0.613959 -0.789329 0.00381492 22.7273 0.789234 0.61395 0.0132417 28.0056 -0.0127942 -0.00511898 0.999905 -0.0127942
0.614137 -0.789187 0.00437101 23.1176 0.789071 0.614128 0.0146218 28.5324 -0.0142237 -0.00553073 0.999884 -0.0142237
0.614073 -0.789238 0.0043266 23.4922 0.789089 0.614049 0.0167969 29.0491 -0.0159135 -0.00690046 0.99985 -0.0159135
0.613712 -0.789515 0.00498109 23.8671 0.789347 0.613693 0.0176761 29.556 -0.0170124 -0.00691625 0.999831 -0.0170124
0.613168 -0.789932 0.00564099 24.2337 0.789774 0.613165 0.0169143 30.0431 -0.0168201 -0.00591623 0.999841 -0.0168201
0.612917 -0.790137 0.00400287 24.5944 0.790027 0.612904 0.014313 30.528 -0.0137626 -0.00561032 0.99989 -0.0137626
0.61266 -0.790346 0.00101118 24.9481 0.790283 0.612626 0.0119283 31.0043 -0.0100469 -0.00650885 0.999928 -0.0100469
0.612798 -0.790239 -0.000866718 25.3015 0.790202 0.612758 0.0104314 31.4791 -0.0077122 -0.00707721 0.999945 -0.0077122
0.612956 -0.790116 -0.000879266 25.6568 0.79008 0.612916 0.0103429 31.9625 -0.00763319 -0.00703444 0.999946 -0.00763319
0.612861 -0.790191 0.000382784 26.0115 0.790144 0.612829 0.010621 32.4396 -0.00862717 -0.00620672 0.999944 -0.00862717
0.612907 -0.790155 0.00101385 26.3632 0.790105 0.612881 0.0104983 32.9101 -0.00891662 -0.00563341 0.999944 -0.00891662
0.612947 -0.790124 0.000319525 26.7111 0.790084 0.612919 0.00988378 33.3817 -0.00800526 -0.00580578 0.999951 -0.00800526
0.612688 -0.790325 -0.000539087 27.0564 0.790296 0.61266 0.00898713 33.8571 -0.00677248 -0.00593235 0.999959 -0.00677248
0.6121 -0.790781 2.81182e-05 27.4004 0.790756 0.612081 0.00778658 34.322 -0.00617469 -0.00474393 0.99997 -0.00617469
0.611357 -0.791354 0.00117873 27.7548 0.791329 0.611348 0.00716054 34.7889 -0.00638714 -0.00344488 0.999974 -0.00638714
0.610723 -0.791842 0.00164133 28.1024 0.791815 0.610718 0.00725554 35.2649 -0.00674763 -0.0031315 0.999972 -0.00674763
0.60968 -0.792646 0.00136699 28.45 0.792617 0.609671 0.00771231 35.7502 -0.00694655 -0.00361854 0.999969 -0.00694655
0.608283 -0.79372 0.000851881 28.8018 0.793695 0.608271 0.00735938 36.2324 -0.00635946 -0.00380045 0.999973 -0.00635946
0.606809 -0.794848 0.000132872 29.1525 0.794831 0.606797 0.00643296 36.7161 -0.00519385 -0.00379796 0.999979 -0.00519385
0.605385 -0.795932 -0.000608572 29.5131 0.795925 0.605376 0.00492884 37.2134 -0.00355461 -0.00346823 0.999988 -0.00355461
0.603967 -0.797009 -0.000779462 29.8797 0.797006 0.603961 0.00353875 37.7246 -0.00234965 -0.00275852 0.999993 -0.00234965
0.602507 -0.798113 -0.000994977 30.2464 0.798111 0.602501 0.00339595 38.2336 -0.00211088 -0.00284019 0.999994 -0.00211088
0.601244 -0.799064 -0.00161023 30.6138 0.799062 0.601233 0.00446883 38.7608 -0.00260276 -0.00397353 0.999989 -0.00260276
0.599943 -0.800041 -0.00184827 30.9894 0.800037 0.599928 0.00530719 39.2933 -0.00313714 -0.0046627 0.999984 -0.00313714
0.598747 -0.800935 -0.00198519 31.3748 0.800931 0.59873 0.00559476 39.8355 -0.00329245 -0.00493985 0.999982 -0.00329245
0.597715 -0.801707 -0.00176173 31.7716 0.801702 0.5977 0.00525948 40.3921 -0.00316357 -0.00455606 0.999985 -0.00316357
0.596705 -0.80246 -0.0012658 32.1699 0.802456 0.596696 0.00433248 40.952 -0.00272135 -0.00360096 0.99999 -0.00272135
0.595741 -0.803176 -0.00113958 32.5744 0.803173 0.595734 0.00366346 41.5179 -0.00226352 -0.00309775 0.999993 -0.00226352
0.594864 -0.803824 -0.00188098 32.9861 0.803821 0.59485 0.00499676 42.1067 -0.00289761 -0.00448436 0.999986 -0.00289761
0.594035 -0.804438 -0.00165236 33.4026 0.804429 0.594016 0.00623372 42.7118 -0.00403311 -0.00503226 0.999979 -0.00403311
0.592992 -0.805208 -0.000963457 33.8297 0.805197 0.592978 0.00590713 43.3183 -0.00418516 -0.00427865 0.999982 -0.00418516
0.592188 -0.8058 -0.000337268 34.2682 0.805793 0.592181 0.00449617 43.9368 -0.00342329 -0.00293435 0.99999 -0.00342329
0.591477 -0.806322 -0.000320951 34.7074 0.806318 0.591472 0.00332776 44.5589 -0.00249341 -0.00222708 0.999994 -0.00249341
0.590812 -0.806809 -0.000793811 35.1546 0.806805 0.590805 0.00382472 45.1978 -0.00261683 -0.00290014 0.999992 -0.00261683
0.590122 -0.807313 -0.0010751 35.6079 0.807307 0.590111 0.00505573 45.8583 -0.00344713 -0.00385144 0.999987 -0.00344713
0.589277 -0.807931 -0.000229944 36.0643 0.80792 0.589267 0.00540694 46.5203 -0.00423294 -0.00337196 0.999985 -0.00423294
0.58836 -0.808599 0.000358362 36.5298 0.808587 0.588354 0.00512244 47.1879 -0.00435285 -0.00272408 0.999987 -0.00435285
0.587328 -0.809349 0.00107847 37.0091 0.809336 0.587325 0.00489826 47.8705 -0.00459781 -0.00200404 0.999987 -0.00459781
0.586386 -0.810031 0.00115017 37.4855 0.810013 0.586382 0.00593022 48.5635 -0.0054781 -0.00254575 0.999982 -0.0054781
0.585388 -0.810752 0.001461 37.9737 0.810724 0.585382 0.00739737 49.2786 -0.00685268 -0.00314587 0.999972 -0.00685268
0.584329 -0.811514 0.00209695 38.4648 0.811479 0.584324 0.00817629 50.0003 -0.00786048 -0.003076 0.999964 -0.00786048
0.58316 -0.812354 0.00242231 38.962 0.812321 0.583159 0.00778215 50.7277 -0.00773445 -0.00257054 0.999967 -0.00773445
0.582145 -0.813083 0.00152363 39.4639 0.813061 0.582141 0.00660358 51.4604 -0.00625622 -0.00260544 0.999977 -0.00625622
0.581182 -0.813774 -0.000226167 39.9692 0.813759 0.581169 0.00615087 52.2029 -0.00487397 -0.00375882 0.999981 -0.00487397
0.580181 -0.814487 -0.000523008 40.4861 0.814477 0.58017 0.0055136 52.9652 -0.00418732 -0.00362486 0.999985 -0.00418732
0.57914 -0.815228 -0.000649758 41.0059 0.815217 0.579128 0.0056386 53.7281 -0.00422045 -0.00379523 0.999984 -0.00422045
0.578067 -0.81599 0.000193655 41.5272 0.81597 0.578054 0.0067597 54.5053 -0.00562779 -0.00374954 0.999977 -0.00562779
0.576953 -0.816776 0.00116743 42.0569 0.816743 0.576941 0.00828885 55.2952 -0.00744368 -0.00382879 0.999965 -0.00744368
0.575817 -0.817578 0.00114788 42.5908 0.81754 0.575803 0.00888844 56.0966 -0.00792795 -0.00417968 0.99996 -0.00792795
0.574676 -0.81838 0.000754181 43.128 0.818352 0.574663 0.00791043 56.8943 -0.00690714 -0.00392875 0.999968 -0.00690714
0.573572 -0.819155 -2.25604e-06 43.6685 0.819132 0.573556 0.00751665 57.7044 -0.00615601 -0.00431319 0.999972 -0.00615601
0.572737 -0.819739 0.00103474 44.2102 0.819699 0.57272 0.00921466 58.5194 -0.00814623 -0.0044294 0.999957 -0.00814623
0.572217 -0.8201 0.00171072 44.7615 0.820029 0.572193 0.0121612 59.352 -0.0109523 -0.00555602 0.999925 -0.0109523
0.571768 -0.820413 0.00212323 45.3134 0.820323 0.571741 0.0134827 60.1894 -0.0122753 -0.00596725 0.999907 -0.0122753
0.571444 -0.820639 0.00207052 45.87 0.820559 0.571421 0.0126842 61.0274 -0.0115923 -0.00554935 0.999917 -0.0115923
0.571396 -0.82067 0.00270289 46.4324 0.820592 0.571382 0.0122793 61.8711 -0.0116216 -0.00479835 0.999921 -0.0116216
0.571335 -0.820706 0.00408654 47.0022 0.820605 0.571333 0.0136273 62.7273 -0.0135188 -0.00443231 0.999899 -0.0135188
0.571267 -0.820743 0.00593288 47.5748 0.82061 0.571285 0.0152536 63.5893 -0.0159087 -0.00384533 0.999866 -0.0159087
0.571097 -0.820854 0.00686994 48.1431 0.820718 0.57113 0.0152602 64.4489 -0.01645 -0.00307675 0.99986 -0.01645
0.571197 -0.820782 0.00707514 48.7174 0.820673 0.571238 0.0135252 65.316 -0.0151428 -0.00191917 0.999883 -0.0151428
0.570974 -0.82095 0.00538522 49.2942 0.820866 0.570995 0.0120259 66.1873 -0.0129476 -0.00244594 0.999913 -0.0129476
0.571026 -0.820914 0.00550517 49.8805 0.820836 0.571048 0.0114815 67.068 -0.0125691 -0.0020374 0.999919 -0.0125691
0.570942 -0.820962 0.00682115 50.4678 0.820866 0.570981 0.0126406 67.9602 -0.0142722 -0.00161782 0.999897 -0.0142722
0.570825 -0.821031 0.00814778 51.0575 0.820922 0.570883 0.0134364 68.8519 -0.0156832 -0.000981172 0.999877 -0.0156832
0.570529 -0.821245 0.00733266 51.6409 0.821115 0.570571 0.0148149 69.741 -0.0163505 -0.00243139 0.999863 -0.0163505
0.570479 -0.821281 0.00717696 52.2301 0.821134 0.570516 0.0158375 70.6325 -0.0171016 -0.0031417 0.999849 -0.0171016
0.570224 -0.82145 0.00801357 52.8234 0.821296 0.570275 0.0161244 71.5337 -0.0178154 -0.00261303 0.999838 -0.0178154
0.56999 -0.821617 0.00755085 53.4173 0.821467 0.570033 0.0159415 72.4272 -0.017402 -0.0028837 0.999844 -0.017402
0.569623 -0.82188 0.00657186 54.0094 0.821714 0.569645 0.0170444 73.3322 -0.0177521 -0.00430873 0.999833 -0.0177521
0.56898 -0.822302 0.00899146 54.604 0.822097 0.569042 0.0186296 74.2337 -0.0204357 -0.00320804 0.999786 -0.0204357
0.568299 -0.822757 0.0103908 55.1964 0.822507 0.568385 0.0205261 75.1245 -0.0227939 -0.00311849 0.999735 -0.0227939
0.568113 -0.822888 0.0101621 55.7838 0.822631 0.568193 0.0208459 76.0258 -0.0229279 -0.00348318 0.999731 -0.0229279
0.567527 -0.823311 0.00848287 56.371 0.823072 0.567572 0.0203505 76.9249 -0.0215694 -0.00456742 0.999757 -0.0215694
0.567023 -0.823667 0.00755445 56.9558 0.823439 0.567051 0.0200292 77.8196 -0.0207811 -0.00513637 0.999771 -0.0207811
0.566232 -0.824209 0.00782578 57.537 0.823967 0.566261 0.0206545 78.7154 -0.021455 -0.00524704 0.999756 -0.021455
0.565699 -0.824564 0.00887617 58.1235 0.8243 0.565749 0.0213952 79.6183 -0.0226634 -0.00478664 0.999732 -0.0226634
0.565102 -0.824965 0.00963602 58.7067 0.824683 0.565166 0.0220465 80.508 -0.0236336 -0.00451188 0.999711 -0.0236336
0.564538 -0.825343 0.0102846 59.2884 0.825074 0.564621 0.021347 81.3987 -0.0234255 -0.00356568 0.999719 -0.0234255
0.563944 -0.825742 0.0108197 59.869 0.82546 0.564038 0.0218397 82.2883 -0.0241367 -0.00338513 0.999703 -0.0241367
0.563417 -0.826083 0.0121577 60.446 0.825779 0.563542 0.0225628 83.1745 -0.0254901 -0.00267271 0.999672 -0.0254901
0.562832 -0.826478 0.012391 61.0136 0.826156 0.562962 0.0232559 84.0514 -0.0261961 -0.00285225 0.999653 -0.0261961
0.562229 -0.826896 0.0119117 61.5774 0.826573 0.562346 0.0233402 84.9282 -0.0259984 -0.00327665 0.999657 -0.0259984
0.561745 -0.827236 0.0110764 62.1424 0.826908 0.561839 0.0236512 85.8006 -0.0257882 -0.00412677 0.999659 -0.0257882
0.561286 -0.827547 0.0111157 62.706 0.827206 0.561379 0.0241482 86.6758 -0.0262239 -0.0043591 0.999647 -0.0262239
0.560845 -0.827852 0.01067 63.262 0.827499 0.560924 0.0246803 87.5383 -0.0264167 -0.0050124 0.999638 -0.0264167
0.560272 -0.828242 0.0104791 63.8085 0.827891 0.560347 0.0246629 88.3894 -0.0262988 -0.00514237 0.999641 -0.0262988
0.559532 -0.828738 0.0108608 64.3568 0.828371 0.559614 0.0251653 89.2517 -0.0269333 -0.00508396 0.999624 -0.0269333
0.558965 -0.829101 0.0121965 64.9095 0.828726 0.559084 0.0252537 90.1059 -0.0277567 -0.00400841 0.999607 -0.0277567
0.558475 -0.829432 0.0121786 65.4541 0.829046 0.558591 0.0256739 90.9526 -0.0280976 -0.0042416 0.999596 -0.0280976
0.557791 -0.829891 0.0122695 65.9931 0.829529 0.557914 0.0247703 91.7977 -0.027402 -0.00363871 0.999618 -0.027402
0.55703 -0.830402 0.012275 66.532 0.830054 0.557156 0.0242339 92.6388 -0.0269629 -0.00331011 0.999631 -0.0269629
0.556202 -0.830949 0.0127617 67.0616 0.830592 0.55634 0.0245343 93.4723 -0.0274866 -0.00304628 0.999618 -0.0274866
0.555221 -0.831589 0.0137608 67.5908 0.831181 0.555383 0.0262239 94.3078 -0.02945 -0.00312231 0.999561 -0.02945
0.554308 -0.832186 0.0144945 68.1187 0.831734 0.554488 0.0276039 95.1407 -0.0310086 -0.00324548 0.999514 -0.0310086
0.553332 -0.832854 0.0133492 68.638 0.832404 0.553477 0.0276856 95.9761 -0.0304465 -0.00420739 0.999528 -0.0304465
0.552327 -0.833536 0.0123802 69.1594 0.833163 0.552453 0.0251963 96.8058 -0.0278415 -0.00360189 0.999606 -0.0278415
0.551336 -0.834212 0.0109246 69.6814 0.833889 0.551431 0.0235044 97.6407 -0.0256318 -0.00384893 0.999664 -0.0256318
0.550487 -0.83479 0.00948044 70.2022 0.834491 0.550549 0.0228062 98.4813 -0.0242579 -0.00464318 0.999695 -0.0242579
0.549812 -0.835249 0.00814807 70.724 0.834964 0.549844 0.022509 99.3146 -0.0232808 -0.00557235 0.999713 -0.0232808
0.549162 -0.835682 0.00751333 71.247 0.835429 0.549187 0.0212676 100.155 -0.0218992 -0.0054025 0.999746 -0.0218992
0.548443 -0.836157 0.0072585 71.774 0.835917 0.548465 0.0207162 100.999 -0.021303 -0.00529413 0.999759 -0.021303
0.54786 -0.836537 0.00748219 72.3053 0.836283 0.547884 0.0212757 101.856 -0.0218973 -0.0053989 0.999746 -0.0218973
0.547368 -0.836851 0.00828683 72.8369 0.836576 0.547406 0.0220596 102.71 -0.0229969 -0.00514215 0.999722 -0.0229969
0.546742 -0.837241 0.0100622 73.3695 0.836912 0.546815 0.0239304 103.567 -0.0255376 -0.00466255 0.999663 -0.0255376
0.545992 -0.837692 0.012879 73.9032 0.837259 0.546128 0.0272163 104.436 -0.0298324 -0.00407683 0.999547 -0.0298324
0.545194 -0.838185 0.0144591 74.4363 0.837582 0.545358 0.0322599 105.305 -0.0349252 -0.00547722 0.999375 -0.0349252
0.544335 -0.838739 0.0147033 74.9602 0.838089 0.544501 0.0335524 106.166 -0.0361477 -0.00594107 0.999329 -0.0361477
0.543185 -0.839528 0.0119646 75.4877 0.839139 0.543302 0.0258394 107.013 -0.0281933 -0.00399559 0.999595 -0.0281933
0.542069 -0.840311 0.00627998 76.009 0.840185 0.542098 0.014784 107.842 -0.0158275 -0.00273761 0.999871 -0.0158275
0.541298 -0.840831 0.000104074 76.5244 0.840797 0.541277 0.00891282 108.691 -0.00755051 -0.00473698 0.99996 -0.00755051
0.540071 -0.841614 0.00285193 77.0521 0.841524 0.540058 0.0132256 109.561 -0.012671 -0.00474277 0.999908 -0.012671
0.538132 -0.842796 0.0104448 77.5659 0.842449 0.538215 0.0245729 110.419 -0.0263315 -0.00442423 0.999643 -0.0263315
0.536705 -0.843605 0.0166855 78.0751 0.842956 0.536951 0.0333025 111.256 -0.0370535 -0.00380852 0.999306 -0.0370535
0.535247 -0.844546 0.0158742 78.5663 0.843898 0.535464 0.0333782 112.073 -0.0366895 -0.00446934 0.999317 -0.0366895
0.533785 -0.845548 0.0110296 79.056 0.845177 0.533882 0.0254112 112.891 -0.0273749 -0.00424211 0.999616 -0.0273749
0.532165 -0.846624 0.00525992 79.5364 0.846462 0.53217 0.0172749 113.689 -0.0174245 -0.00474078 0.999837 -0.0174245
0.530569 -0.847636 0.00300975 80.02 0.847521 0.53055 0.0150011 114.507 -0.0143123 -0.00540828 0.999883 -0.0143123
0.528687 -0.848801 0.0051573 80.4988 0.84859 0.528676 0.0199072 115.335 -0.0196238 -0.00614826 0.999789 -0.0196238
0.526861 -0.849915 0.00786621 80.9763 0.84953 0.526868 0.0266322 116.156 -0.0267796 -0.0073489 0.999614 -0.0267796
0.525339 -0.85086 0.00758486 81.4474 0.850361 0.525304 0.0306956 116.971 -0.030102 -0.00967569 0.9995 -0.030102
0.524098 -0.851654 0.00259125 81.9071 0.851286 0.523957 0.0279409 117.761 -0.0251537 -0.0124379 0.999606 -0.0251537
0.522839 -0.852424 -0.00351121 82.3668 0.852275 0.52266 0.0212881 118.554 -0.0163114 -0.0141228 0.999767 -0.0163114
0.521216 -0.853378 -0.00893051 82.8233 0.853381 0.521055 0.0155986 119.356 -0.00865821 -0.0157514 0.999838 -0.00865821
0.519638 -0.85432 -0.0107039 83.2859 0.854338 0.519433 0.0172238 120.163 -0.00915468 -0.0180949 0.999794 -0.00915468
0.51885 -0.854817 -0.00906436 83.7441 0.854702 0.518514 0.0250724 120.973 -0.0167323 -0.0207561 0.999645 -0.0167323
0.518944 -0.85478 -0.00690305 84.1957 0.854432 0.51846 0.0338321 121.769 -0.0253401 -0.0234552 0.999404 -0.0253401
0.519891 -0.854205 -0.00689614 84.6484 0.853685 0.519252 0.0400027 122.559 -0.0305897 -0.0266842 0.999176 -0.0305897
0.521309 -0.853338 -0.00716391 85.0977 0.852749 0.520592 0.0424538 123.345 -0.0324979 -0.0282405 0.999073 -0.0324979
0.52288 -0.852374 -0.00741084 85.5452 0.851756 0.522122 0.0435979 124.122 -0.0332924 -0.0291087 0.999022 -0.0332924
0.52503 -0.851048 -0.00780647 85.9986 0.850412 0.524229 0.0445287 124.89 -0.0338037 -0.0300176 0.998978 -0.0338037
0.527313 -0.849625 -0.00886408 86.4456 0.84903 0.526481 0.0443348 125.653 -0.0330012 -0.0309042 0.998977 -0.0330012
0.529533 -0.84824 -0.00916448 86.8966 0.847703 0.528733 0.0429125 126.41 -0.0315546 -0.0304923 0.999037 -0.0315546
0.531241 -0.847189 -0.00731918 87.3517 0.846643 0.530541 0.0414964 127.175 -0.0312722 -0.0282414 0.999112 -0.0312722
0.532145 -0.846642 -0.00424418 87.8119 0.845959 0.5315 0.0431406 127.937 -0.0342689 -0.0265475 0.99906 -0.0342689
0.532373 -0.84651 -5.40396e-05 88.2642 0.845648 0.531828 0.0451593 128.698 -0.0381991 -0.0240873 0.99898 -0.0381991
0.531722 -0.846917 0.00191567 88.7092 0.845982 0.531239 0.045822 129.457 -0.0398251 -0.022744 0.998948 -0.0398251
0.530338 -0.847785 0.00150247 89.149 0.84688 0.529852 0.045282 130.202 -0.0391855 -0.0227424 0.998973 -0.0391855
0.528111 -0.849172 0.00235846 89.5949 0.848267 0.527673 0.0447642 130.965 -0.039257 -0.0216399 0.998995 -0.039257
0.524274 -0.851544 0.0031963 90.0383 0.85057 0.523847 0.0459827 131.729 -0.0408306 -0.0213889 0.998937 -0.0408306
0.519868 -0.85424 0.00318901 90.4738 0.853228 0.519427 0.0468667 132.489 -0.0416919 -0.0216435 0.998896 -0.0416919
0.51467 -0.857387 0.0014875 90.9099 0.856439 0.514181 0.0461618 133.261 -0.0403434 -0.0224842 0.998933 -0.0403434
0.509243 -0.860621 -0.00181472 91.3338 0.859841 0.50869 0.0436732 134.025 -0.0366629 -0.0238007 0.999044 -0.0366629
0.503667 -0.863876 -0.00619209 91.7612 0.863335 0.503067 0.0397083 134.81 -0.031188 -0.0253456 0.999192 -0.031188
0.497927 -0.86718 -0.00827599 92.1895 0.866837 0.497402 0.0344207 135.593 -0.0257324 -0.0243129 0.999373 -0.0257324
0.4926 -0.870211 -0.00883982 92.6269 0.869962 0.492144 0.0309836 136.394 -0.0226118 -0.0229528 0.999481 -0.0226118
0.488332 -0.872599 -0.010121 93.054 0.872353 0.487822 0.032086 137.202 -0.023061 -0.0244977 0.999434 -0.023061
0.485054 -0.874435 -0.00929663 93.4875 0.874056 0.484457 0.0364372 138.042 -0.0273582 -0.0257998 0.999293 -0.0273582
0.482048 -0.876132 -0.00464388 93.9298 0.875504 0.481486 0.0407805 138.881 -0.0334932 -0.0237239 0.999157 -0.0334932
0.48002 -0.877257 0.000183767 94.3763 0.876466 0.479596 0.0423621 139.724 -0.0372506 -0.0201736 0.999102 -0.0372506
0.478896 -0.87787 0.00166101 94.8255 0.877075 0.478541 0.0416922 140.575 -0.0373952 -0.0185094 0.999129 -0.0373952
0.47827 -0.878213 0.000819521 95.2729 0.877478 0.477907 0.0404641 141.447 -0.0359277 -0.0186336 0.999181 -0.0359277
0.478049 -0.878332 0.00120843 95.729 0.877628 0.47772 0.0394017 142.329 -0.0351851 -0.0177754 0.999223 -0.0351851
0.47789 -0.878417 0.00209736 96.195 0.877713 0.477599 0.0389777 143.223 -0.0352404 -0.0167862 0.999238 -0.0352404
0.478151 -0.878276 0.0019907 96.659 0.877606 0.477872 0.0380211 144.128 -0.0343443 -0.0164328 0.999275 -0.0343443
0.479026 -0.877801 6.70006e-05 97.1294 0.877217 0.47871 0.0364357 145.034 -0.0320154 -0.0173949 0.999336 -0.0320154
0.480837 -0.876807 -0.00249839 97.6051 0.876311 0.480464 0.0351259 145.955 -0.0295982 -0.0190792 0.99938 -0.0295982
0.483134 -0.875539 -0.00348395 98.0962 0.875038 0.482714 0.0360003 146.888 -0.029838 -0.0204416 0.999346 -0.029838
0.485976 -0.873969 -0.00216083 98.5976 0.873335 0.485526 0.0393665 147.831 -0.033356 -0.0210183 0.999223 -0.033356
0.489248 -0.872145 0.000383125 99.1027 0.87133 0.488809 0.0430101 148.784 -0.0376983 -0.0207087 0.999075 -0.0376983
0.492909 -0.870081 0.000411541 99.6069 0.869208 0.492436 0.0445462 149.735 -0.0389615 -0.0215995 0.999007 -0.0389615
0.496141 -0.868242 0.000853103 100.131 0.867456 0.495733 0.0420638 150.694 -0.0369444 -0.0201295 0.999115 -0.0369444
0.498391 -0.86695 0.00193671 100.665 0.866204 0.498052 0.0404264 151.674 -0.0360122 -0.0184706 0.999181 -0.0360122
0.499777 -0.866148 0.00344008 101.205 0.865383 0.499495 0.0402145 152.646 -0.03655 -0.0171213 0.999185 -0.03655
0.500197 -0.865903 0.00371792 101.743 0.865132 0.499924 0.0402842 153.633 -0.0367409 -0.0169336 0.999181 -0.0367409
0.500083 -0.865968 0.00405217 102.286 0.86525 0.499849 0.0386497 154.617 -0.0354949 -0.0158219 0.999245 -0.0354949
0.499159 -0.8665 0.00417748 102.832 0.865832 0.498953 0.0371736 155.61 -0.0342953 -0.0149385 0.9993 -0.0342953
0.498146 -0.867082 0.00432865 103.383 0.866367 0.497927 0.0384271 156.613 -0.0354748 -0.0153921 0.999252 -0.0354748
0.496599 -0.867963 0.00547649 103.929 0.867122 0.496378 0.0413322 157.624 -0.0385932 -0.0157767 0.99913 -0.0385932
0.494871 -0.868937 0.00709301 104.467 0.868031 0.494701 0.0423377 158.629 -0.0402977 -0.0147947 0.999078 -0.0402977
0.493552 -0.869684 0.00751854 105.008 0.868789 0.493407 0.0418916 159.632 -0.0401422 -0.0141437 0.999094 -0.0401422
0.492815 -0.870112 0.0062581 105.543 0.869295 0.492642 0.0403785 160.634 -0.0382168 -0.014459 0.999165 -0.0382168
0.491708 -0.87074 0.00587813 106.083 0.869996 0.491548 0.0385717 161.646 -0.0364753 -0.0138521 0.999239 -0.0364753
0.490351 -0.871501 0.00649004 106.633 0.870734 0.49021 0.0389303 162.658 -0.0371092 -0.0134384 0.999221 -0.0371092
0.489024 -0.872212 0.0100819 107.176 0.871321 0.488999 0.040993 163.682 -0.0406846 -0.011262 0.999109 -0.0406846
0.488159 -0.872666 0.0124286 107.713 0.871662 0.488211 0.0430693 164.692 -0.0436529 -0.0101911 0.998995 -0.0436529
0.488045 -0.872733 0.0122098 108.243 0.871741 0.48809 0.0428421 165.696 -0.0433492 -0.0102651 0.999007 -0.0433492
0.488988 -0.872247 0.00870346 108.771 0.871367 0.488905 0.0411266 166.693 -0.0401277 -0.0125265 0.999116 -0.0401277
0.490117 -0.871642 0.00509252 109.302 0.870859 0.48991 0.039903 167.692 -0.037276 -0.0151223 0.999191 -0.037276
0.491693 -0.870758 0.00431124 109.835 0.869962 0.491445 0.0406038 168.69 -0.0374748 -0.016214 0.999166 -0.0374748
0.493355 -0.869808 0.00584993 110.372 0.8689 0.493128 0.0428693 169.685 -0.0401729 -0.0160668 0.999064 -0.0401729
0.49518 -0.868743 0.00907725 110.913 0.867668 0.495044 0.0456396 170.689 -0.0441427 -0.0147238 0.998917 -0.0441427
0.497023 -0.867674 0.0104323 111.45 0.866529 0.49693 0.0467719 171.687 -0.0457669 -0.0142068 0.998851 -0.0457669
0.498497 -0.866829 0.0104328 111.992 0.865835 0.498447 0.0433695 172.678 -0.0427941 -0.0125864 0.999005 -0.0427941
0.499839 -0.866072 0.00891724 112.541 0.865289 0.499784 0.0386001 173.672 -0.0378872 -0.0115778 0.999215 -0.0378872
0.501041 -0.86539 0.0076359 113.082 0.864684 0.500958 0.0369215 174.652 -0.0357767 -0.0118965 0.999289 -0.0357767
0.50194 -0.864864 0.00818876 113.622 0.864076 0.501851 0.0389608 175.63 -0.0378053 -0.0124803 0.999207 -0.0378053
0.502297 -0.86463 0.0106544 114.169 0.863702 0.502272 0.041722 176.618 -0.0414255 -0.0117546 0.999072 -0.0414255
0.502036 -0.864768 0.0116362 114.715 0.863755 0.502033 0.0434778 177.611 -0.0434399 -0.0117766 0.998987 -0.0434399
0.501548 -0.865052 0.0116278 115.26 0.86411 0.501564 0.041805 178.601 -0.0419956 -0.0109195 0.999058 -0.0419956
0.500797 -0.865503 0.0103967 115.803 0.864665 0.500787 0.0395823 179.592 -0.0394651 -0.010833 0.999162 -0.0394651
0.499969 -0.86599 0.0096131 116.354 0.865182 0.499936 0.0390456 180.585 -0.038619 -0.0112045 0.999191 -0.038619
0.498731 -0.8667 0.00991391 116.895 0.865875 0.498707 0.0393965 181.589 -0.0390891 -0.011064 0.999174 -0.0390891
0.497378 -0.867479 0.00976886 117.436 0.866625 0.497341 0.0401648 182.599 -0.0397006 -0.0115112 0.999145 -0.0397006
0.495842 -0.868356 0.00993912 117.986 0.867489 0.49581 0.0404466 183.612 -0.04005 -0.0114331 0.999132 -0.04005
0.49426 -0.869259 0.00977406 118.536 0.868403 0.494226 0.0402119 184.625 -0.0397851 -0.0113873 0.999143 -0.0397851
0.493053 -0.869945 0.00973078 119.085 0.869124 0.493027 0.0393322 185.642 -0.0390144 -0.0109356 0.999179 -0.0390144
0.491268 -0.870946 0.0104502 119.632 0.870148 0.491281 0.0385463 186.662 -0.0387057 -0.00984332 0.999202 -0.0387057
0.489659 -0.871842 0.0112467 120.186 0.871088 0.489715 0.037215 187.698 -0.0379533 -0.00842577 0.999244 -0.0379533
0.488015 -0.872759 0.011531 120.741 0.872049 0.488093 0.0359946 188.729 -0.0370428 -0.00751027 0.999285 -0.0370428
0.48618 -0.87377 0.0124385 121.287 0.87305 0.486293 0.0360994 189.771 -0.0375913 -0.00669136 0.999271 -0.0375913
0.484635 -0.874611 0.0135723 121.845 0.873867 0.484789 0.0365377 190.824 -0.038536 -0.00584708 0.99924 -0.038536
0.4829 -0.875568 0.0137258 122.396 0.874823 0.483062 0.036541 191.883 -0.0386246 -0.00563798 0.999238 -0.0386246
0.481387 -0.876404 0.0135136 122.949 0.875658 0.481542 0.0366059 192.951 -0.0385889 -0.00578833 0.999238 -0.0385889
0.479912 -0.87722 0.0130116 123.504 0.876467 0.480047 0.0368747 194.026 -0.0385934 -0.00629233 0.999235 -0.0385934
0.478537 -0.877977 0.0125735 124.064 0.877234 0.478658 0.0367022 195.11 -0.0382421 -0.00653348 0.999247 -0.0382421
0.47728 -0.878663 0.0124376 124.62 0.877932 0.477398 0.0364067 196.188 -0.0379269 -0.00645684 0.99926 -0.0379269
0.475841 -0.879445 0.012284 125.172 0.878687 0.47595 0.0371676 197.28 -0.0385334 -0.0068921 0.999234 -0.0385334
0.474414 -0.8802 0.013388 125.737 0.879408 0.474563 0.0378298 198.373 -0.0396512 -0.00617342 0.999195 -0.0396512
0.47311 -0.880904 0.0132002 126.293 0.880091 0.473249 0.0384018 199.468 -0.0400753 -0.00655093 0.999175 -0.0400753
0.471723 -0.881654 0.0128064 126.854 0.880807 0.471841 0.0393136 200.57 -0.0407036 -0.00726511 0.999145 -0.0407036
0.470401 -0.882365 0.0124579 127.417 0.881486 0.470499 0.040157 201.696 -0.0412946 -0.00790844 0.999116 -0.0412946
0.468853 -0.883197 0.0118711 127.977 0.882306 0.468925 0.0405627 202.814 -0.0413915 -0.00854401 0.999106 -0.0413915
0.467645 -0.883834 0.0121033 128.541 0.882916 0.467723 0.0411597 203.942 -0.0420393 -0.00856189 0.999079 -0.0420393
0.466438 -0.884461 0.0127969 129.106 0.883505 0.46654 0.041937 205.07 -0.0430619 -0.00825493 0.999038 -0.0430619
0.465361 -0.885029 0.0127386 129.664 0.884078 0.465463 0.0418426 206.209 -0.0429613 -0.00820998 0.999043 -0.0429613
0.464396 -0.885546 0.0120395 130.23 0.884618 0.464473 0.0414172 207.349 -0.0422689 -0.00858361 0.999069 -0.0422689
0.463391 -0.886075 0.0118627 130.797 0.885119 0.463455 0.0421216 208.496 -0.0428208 -0.00901883 0.999042 -0.0428208
0.462428 -0.886565 0.0127558 131.356 0.885551 0.462522 0.0432726 209.64 -0.0442638 -0.00871457 0.998982 -0.0442638
0.461467 -0.887055 0.0134755 131.93 0.885999 0.461587 0.0440814 210.794 -0.0453227 -0.00840286 0.998937 -0.0453227
0.460378 -0.887613 0.0139816 132.5 0.88656 0.460524 0.0439219 211.961 -0.0454245 -0.0078252 0.998937 -0.0454245
