K: 2152.8 0 971.3 0 2155.5 605.9 0 0 1
D: -0.1192 0.162 0.00073985 0.0014
T: 0.0188623 -0.999822 -9.36529e-05 -0.0323222 0.0288601 0.000638227 -0.999583 -0.396685 0.999405 0.0188516 0.028867 -0.0869361
