time_ns,trackID,scan_index,track_lat_rate_m_per_s,track_group_changed,track_oncoming,track_status,track_angle_rad,track_range_m,track_bridge_object,track_rolling_count,track_width_m,track_range_accel_m_per_s2,track_med_range_mode,track_range_rate_m_per_s
1619076106635881984,46,0,0.750000,0,0,4,-0.111701,62.400002,0,0,0.000000,0.200000,0,10.940000
1619076106636131072,47,0,0.250000,0,0,3,-0.219911,28.100000,0,0,0.000000,0.700000,1,10.810000
1619076106636378112,48,0,-3.000000,0,0,2,-0.132645,161.500000,0,0,0.000000,0.000000,2,10.900000
1619076106636634880,49,0,0.250000,0,0,4,0.211185,61.099998,0,0,0.000000,0.300000,0,10.720000
1619076106636883968,50,0,-0.250000,0,0,3,0.394444,28.900000,0,0,0.000000,1.050000,1,10.120000
1619076106637127936,51,0,0.000000,0,0,1,0.033161,156.500000,0,0,0.000000,0.000000,2,10.920000
1619076106637381120,52,0,0.000000,0,0,0,-0.000000,0.000000,0,0,0.000000,0.000000,0,81.910004
1619076106637636096,53,0,3.500000,0,0,4,0.026180,127.800003,0,0,0.000000,0.000000,0,10.910000
1619076106637880064,54,0,0.500000,0,0,4,0.019199,137.100006,0,0,0.000000,0.000000,0,10.910000
1619076106638128128,55,0,0.000000,0,0,1,-0.476475,36.599998,0,0,0.000000,0.000000,1,9.720000
1619076106638382080,56,0,0.000000,0,0,0,-0.000000,0.000000,0,0,0.000000,0.000000,0,81.910004
1619076106638636032,57,0,0.000000,0,0,3,0.319395,19.000000,0,0,0.000000,1.300000,1,10.440000
1619076106638876928,58,0,0.250000,0,0,3,-0.024435,39.500000,0,0,0.000000,0.250000,3,10.960000
1619076106639128064,59,0,1.000000,0,0,3,0.106465,97.699997,0,0,0.000000,0.000000,2,10.840000
1619076106639377920,60,0,0.000000,0,0,0,-0.000000,0.000000,0,0,0.000000,0.000000,0,81.910004
1619076106639630080,61,0,-0.250000,0,0,2,-0.022689,151.300003,0,0,0.000000,0.000000,2,10.910000
1619076106639904000,62,0,0.750000,0,0,3,0.099484,104.599998,0,0,0.000000,0.150000,2,10.890000
1619076106640129024,63,0,0.000000,0,0,0,-0.000000,0.000000,0,0,0.000000,0.000000,0,81.910004
1619076106674374912,0,0,0.000000,0,0,0,-0.000000,0.000000,0,0,0.000000,0.000000,0,81.910004
1619076106674628096,1,0,0.500000,0,0,4,0.012217,185.100006,0,0,0.000000,0.000000,0,10.930000
1619076106674876928,2,0,0.250000,0,0,3,0.169297,31.100000,0,0,0.000000,0.650000,1,10.840000
1619076106675158016,3,0,0.750000,0,0,3,0.122173,90.000000,0,0,0.000000,0.200000,2,10.810000
1619076106676381952,4,0,0.000000,0,0,0,-0.000000,0.000000,0,0,0.000000,0.000000,0,81.910004
1619076106676632064,5,0,3.250000,0,0,3,-0.609120,46.700001,0,0,0.000000,1.400000,1,9.080000
1619076106676911104,6,0,0.000000,0,0,3,0.068068,34.799999,0,0,0.000000,1.650000,3,2.050000
1619076106677131008,7,0,1.000000,0,0,3,0.001745,114.400002,0,0,0.000000,0.000000,2,10.910000
1619076106677402880,8,0,2.500000,0,0,4,-0.158825,45.299999,0,0,0.000000,-0.250000,0,10.600000
1619076106677632000,9,0,0.000000,0,0,0,-0.000000,0.000000,0,0,0.000000,0.000000,0,81.910004
1619076106677891072,10,0,-0.250000,0,0,3,0.284489,45.000000,0,0,0.000000,0.450000,1,10.430000
1619076106678152960,11,0,0.000000,0,0,0,-0.000000,0.000000,0,0,0.000000,0.000000,0,81.910004
1619076106678380032,12,0,0.000000,0,0,0,-0.000000,0.000000,0,0,0.000000,0.000000,0,81.910004
1619076106678626048,13,0,2.750000,0,0,4,-0.095993,99.500000,0,0,0.000000,0.050000,0,10.790000
1619076106678926080,14,0,0.500000,0,0,3,-0.560251,33.200001,0,0,0.000000,1.950000,1,9.300000
1619076106679152896,15,0,0.000000,0,0,0,-0.000000,0.000000,0,0,0.000000,0.000000,0,81.910004
1619076106679421952,16,0,2.250000,0,0,4,-0.075049,139.000000,0,0,0.000000,0.000000,0,10.850000
1619076106679653888,17,0,0.000000,0,0,0,-0.000000,0.000000,0,0,0.000000,0.000000,0,81.910004
1619076106679926016,18,0,0.000000,0,0,0,-0.000000,0.000000,0,0,0.000000,0.000000,0,81.910004
1619076106680161024,19,0,-1.250000,0,0,2,-0.555015,46.299999,0,0,0.000000,0.000000,1,9.320000
1619076106680379904,20,0,0.750000,0,0,4,0.015708,104.099998,0,0,0.000000,0.050000,0,10.890000
1619076106680630016,21,0,-0.500000,0,0,4,0.129154,75.400002,0,0,0.000000,0.000000,0,10.800000
1619076106680876032,22,0,1.750000,0,0,4,-0.076794,128.500000,0,0,0.000000,0.000000,0,10.920000
1619076106681128960,23,0,0.000000,0,0,0,-0.000000,0.000000,0,0,0.000000,0.000000,0,81.910004
1619076106681376000,24,0,0.000000,0,0,1,-0.095993,119.800003,0,0,0.000000,0.000000,2,10.910000
1619076106681632000,25,0,-1.250000,0,0,7,-0.417134,45.099998,0,0,0.000000,0.000000,0,10.000000
1619076106681878016,26,0,0.750000,0,0,4,0.094248,162.199997,0,0,0.000000,0.000000,0,10.880000
1619076106682126080,27,0,1.000000,0,0,3,0.450295,16.799999,0,0,0.000000,1.400000,1,9.690000
1619076106682377984,28,0,0.000000,0,0,0,-0.000000,0.000000,0,0,0.000000,0.000000,0,81.910004
1619076106682650112,29,0,1.000000,0,0,4,-0.102974,79.599998,0,0,0.000000,0.050000,0,10.880000
1619076106682882048,30,0,0.000000,0,0,0,-0.000000,0.000000,0,0,0.000000,0.000000,0,81.910004
1619076106683128064,31,0,0.000000,0,0,0,-0.000000,0.000000,0,0,0.000000,0.000000,0,81.910004
1619076106683396096,32,0,1.000000,0,0,4,0.095993,59.700001,0,0,0.000000,0.150000,0,10.960000
1619076106683660032,33,0,0.000000,0,0,0,-0.000000,0.000000,0,0,0.000000,0.000000,0,81.910004
1619076106683877120,34,0,3.000000,0,0,3,0.008727,156.800003,0,0,0.000000,0.000000,2,10.880000
1619076106684126976,35,0,0.000000,0,0,0,-0.000000,0.000000,0,0,0.000000,0.000000,0,81.910004
1619076106684401920,36,0,0.250000,0,0,3,-0.190241,35.400002,0,0,0.000000,0.050000,1,10.780000
1619076106684631040,37,0,0.000000,0,0,0,-0.000000,0.000000,0,0,0.000000,0.000000,0,81.910004
1619076106684894976,38,0,0.250000,0,0,4,0.150098,80.800003,0,0,0.000000,0.200000,0,10.860000
1619076106685125120,39,0,0.000000,0,0,0,-0.000000,0.000000,0,0,0.000000,0.000000,0,81.910004
1619076106685377024,40,0,0.000000,0,0,0,-0.000000,0.000000,0,0,0.000000,0.000000,0,81.910004
1619076106685668096,41,0,0.000000,0,0,0,-0.000000,0.000000,0,0,0.000000,0.000000,0,81.910004
1619076106685878016,42,0,0.000000,0,0,0,-0.000000,0.000000,0,0,0.000000,0.000000,0,81.910004
1619076106686127104,43,0,0.250000,0,0,3,-0.277507,24.000000,0,0,0.000000,0.950000,1,10.610000
1619076106686376960,44,0,0.000000,0,0,0,-0.000000,0.000000,0,0,0.000000,0.000000,0,81.910004
1619076106686657024,45,0,0.000000,0,0,0,-0.000000,0.000000,0,0,0.000000,0.000000,0,81.910004
1619076106686876928,46,0,0.750000,0,0,4,-0.111701,62.900002,0,0,0.000000,0.200000,0,10.940000
1619076106687127040,47,0,0.500000,0,0,3,-0.218166,28.600000,0,0,0.000000,0.650000,1,10.820000
1619076106687376896,48,0,-3.750000,0,0,2,-0.130900,162.100006,0,0,0.000000,0.000000,2,10.910000
1619076106687680000,49,0,0.250000,0,0,4,0.211185,61.599998,0,0,0.000000,0.300000,0,10.730000
1619076106687875072,50,0,-0.250000,0,0,3,0.370010,29.400000,0,0,0.000000,1.050000,1,10.160000
1619076106688126976,51,0,0.000000,0,0,0,-0.000000,0.000000,0,0,0.000000,0.000000,0,81.910004
1619076106688378880,52,0,0.000000,0,0,0,-0.000000,0.000000,0,0,0.000000,0.000000,0,81.910004
1619076106688634880,53,0,4.250000,0,0,3,0.022689,128.399994,0,0,0.000000,0.000000,2,10.910000
1619076106688877056,54,0,1.000000,0,0,3,0.017453,137.600006,0,0,0.000000,0.000000,2,10.910000
1619076106689128960,55,0,1.000000,0,0,2,-0.495674,37.400002,0,0,0.000000,0.000000,1,9.740000
1619076106689381888,56,0,0.000000,0,0,0,-0.000000,0.000000,0,0,0.000000,0.000000,0,81.910004
1619076106689637120,57,0,0.500000,0,0,3,0.291470,19.500000,0,0,0.000000,1.300000,1,10.500000
1619076106689899008,58,0,0.250000,0,0,3,-0.024435,40.099998,0,0,0.000000,0.250000,3,10.960000
1619076106690128896,59,0,0.500000,0,0,3,0.106465,98.199997,0,0,0.000000,0.000000,2,10.840000
1619076106690381056,60,0,0.000000,0,0,1,0.027925,146.399994,0,0,0.000000,0.000000,2,10.950000
1619076106690636032,61,0,-1.750000,0,0,3,-0.022689,151.899994,0,0,0.000000,0.000000,2,10.910000
1619076106690891008,62,0,0.750000,0,0,3,0.097738,105.099998,0,0,0.000000,0.150000,2,10.890000
1619076106691134976,63,0,0.000000,0,0,0,-0.000000,0.000000,0,0,0.000000,0.000000,0,81.910004
1619076106724397056,0,0,0.000000,0,0,0,-0.000000,0.000000,0,0,0.000000,0.000000,0,81.910004
1619076106724648960,1,0,0.500000,0,0,4,0.012217,185.699997,0,0,0.000000,0.000000,0,10.930000
1619076106724878080,2,0,0.250000,0,0,3,0.167552,32.000000,0,0,0.000000,0.600000,1,10.860000
1619076106725125888,3,0,0.500000,0,0,3,0.120428,90.500000,0,0,0.000000,0.200000,2,10.820000
1619076106726402048,4,0,0.000000,0,0,0,-0.000000,0.000000,0,0,0.000000,0.000000,0,81.910004
1619076106726649088,5,0,3.250000,0,0,3,-0.602139,47.200001,0,0,0.000000,1.400000,1,9.130000
1619076106726900992,6,0,0.000000,0,0,3,0.068068,34.900002,0,0,0.000000,1.650000,3,2.140000
1619076106727149056,7,0,1.250000,0,0,3,-0.001745,114.900002,0,0,0.000000,0.000000,2,10.910000
1619076106727398912,8,0,2.500000,0,0,4,-0.158825,45.900002,0,0,0.000000,-0.250000,0,10.590000
1619076106727648000,9,0,0.000000,0,0,0,-0.000000,0.000000,0,0,0.000000,0.000000,0,81.910004
1619076106727898880,10,0,-0.250000,0,0,3,0.282743,45.500000,0,0,0.000000,0.450000,1,10.440000
1619076106728148992,11,0,0.000000,0,0,0,-0.000000,0.000000,0,0,0.000000,0.000000,0,81.910004
1619076106728398080,12,0,0.000000,0,0,0,-0.000000,0.000000,0,0,0.000000,0.000000,0,81.910004
1619076106728648960,13,0,2.750000,0,0,4,-0.094248,100.000000,0,0,0.000000,0.050000,0,10.790000
1619076106728899072,14,0,0.500000,0,0,3,-0.539307,33.599998,0,0,0.000000,1.950000,1,9.380000
1619076106729147904,15,0,0.000000,0,0,0,-0.000000,0.000000,0,0,0.000000,0.000000,0,81.910004
1619076106729399040,16,0,2.250000,0,0,4,-0.075049,139.500000,0,0,0.000000,0.000000,0,10.850000
1619076106729648896,17,0,0.000000,0,0,1,-0.087266,32.799999,0,0,0.000000,0.000000,1,10.810000
1619076106729904896,18,0,0.000000,0,0,0,-0.000000,0.000000,0,0,0.000000,0.000000,0,81.910004
1619076106730149888,19,0,-1.250000,0,0,7,-0.549779,46.700001,0,0,0.000000,0.000000,0,9.320000
1619076106730396928,20,0,0.750000,0,0,4,0.015708,104.599998,0,0,0.000000,0.050000,0,10.890000
1619076106730648064,21,0,-0.500000,0,0,4,0.129154,76.000000,0,0,0.000000,0.000000,0,10.800000
1619076106730903040,22,0,1.750000,0,0,4,-0.076794,129.000000,0,0,0.000000,0.000000,0,10.920000
1619076106731149056,23,0,0.000000,0,0,0,-0.000000,0.000000,0,0,0.000000,0.000000,0,81.910004
1619076106731397888,24,0,0.000000,0,0,0,-0.000000,0.000000,0,0,0.000000,0.000000,0,81.910004
1619076106731649024,25,0,0.000000,0,0,0,-0.000000,0.000000,0,0,0.000000,0.000000,0,81.910004
1619076106731898880,26,0,0.750000,0,0,4,0.094248,162.699997,0,0,0.000000,0.000000,0,10.880000
1619076106732152064,27,0,-0.500000,0,0,3,0.439823,17.299999,0,0,0.000000,1.300000,1,9.720000
1619076106732397056,28,0,0.000000,0,0,0,-0.000000,0.000000,0,0,0.000000,0.000000,0,81.910004
1619076106732648960,29,0,1.000000,0,0,4,-0.102974,80.199997,0,0,0.000000,0.050000,0,10.880000
1619076106732898048,30,0,0.000000,0,0,0,-0.000000,0.000000,0,0,0.000000,0.000000,0,81.910004
1619076106733147904,31,0,0.000000,0,0,0,-0.000000,0.000000,0,0,0.000000,0.000000,0,81.910004
1619076106733396992,32,0,1.000000,0,0,4,0.094248,60.299999,0,0,0.000000,0.150000,0,10.960000
1619076106733648896,33,0,0.000000,0,0,0,-0.000000,0.000000,0,0,0.000000,0.000000,0,81.910004
1619076106733900032,34,0,1.500000,0,0,3,0.010472,157.399994,0,0,0.000000,0.000000,2,10.880000
1619076106734148096,35,0,0.000000,0,0,0,-0.000000,0.000000,0,0,0.000000,0.000000,0,81.910004
1619076106734397952,36,0,0.000000,0,0,3,-0.188496,36.000000,0,0,0.000000,0.050000,1,10.780000
1619076106734649088,37,0,0.000000,0,0,1,-0.670206,40.700001,0,0,0.000000,0.000000,1,8.450000
1619076106734912000,38,0,0.250000,0,0,4,0.148353,81.300003,0,0,0.000000,0.200000,0,10.860000
1619076106735149056,39,0,0.000000,0,0,0,-0.000000,0.000000,0,0,0.000000,0.000000,0,81.910004
1619076106735397120,40,0,0.000000,0,0,0,-0.000000,0.000000,0,0,0.000000,0.000000,0,81.910004
1619076106735646976,41,0,0.000000,0,0,0,-0.000000,0.000000,0,0,0.000000,0.000000,0,81.910004
1619076106735910912,42,0,0.000000,0,0,0,-0.000000,0.000000,0,0,0.000000,0.000000,0,81.910004
1619076106736148992,43,0,1.000000,0,0,3,-0.274017,24.500000,0,0,0.000000,0.950000,1,10.630000
1619076106736398080,44,0,0.000000,0,0,0,-0.000000,0.000000,0,0,0.000000,0.000000,0,81.910004
1619076106736648960,45,0,0.000000,0,0,0,-0.000000,0.000000,0,0,0.000000,0.000000,0,81.910004
1619076106736899072,46,0,0.750000,0,0,4,-0.109956,63.500000,0,0,0.000000,0.200000,0,10.940000
1619076106737148928,47,0,0.500000,0,0,3,-0.216421,29.100000,0,0,0.000000,0.650000,1,10.830000
1619076106737396992,48,0,-5.250000,0,0,2,-0.127409,162.600006,0,0,0.000000,0.000000,2,10.910000
1619076106737882112,49,0,0.250000,0,0,4,0.207694,62.099998,0,0,0.000000,0.300000,0,10.730000
1619076106737900032,50,0,-0.250000,0,0,3,0.352556,29.799999,0,0,0.000000,1.050000,1,10.210000
1619076106738148096,51,0,0.000000,0,0,0,-0.000000,0.000000,0,0,0.000000,0.000000,0,81.910004
1619076106738400000,52,0,0.000000,0,0,0,-0.000000,0.000000,0,0,0.000000,0.000000,0,81.910004
1619076106738652928,53,0,3.250000,0,0,3,0.022689,129.000000,0,0,0.000000,0.000000,2,10.910000
1619076106738902016,54,0,1.500000,0,0,3,0.015708,138.199997,0,0,0.000000,0.000000,2,10.910000
1619076106739149056,55,0,1.000000,0,0,7,-0.490438,37.900002,0,0,0.000000,0.000000,0,9.740000
1619076106739397888,56,0,0.000000,0,0,0,-0.000000,0.000000,0,0,0.000000,0.000000,0,81.910004
1619076106739650048,57,0,1.000000,0,0,3,0.268781,20.000000,0,0,0.000000,1.300000,1,10.550000
1619076106739901952,58,0,0.500000,0,0,3,-0.024435,40.599998,0,0,0.000000,0.250000,2,10.960000
1619076106740152064,59,0,0.500000,0,0,3,0.106465,98.699997,0,0,0.000000,0.000000,2,10.840000
1619076106740400128,60,0,0.000000,0,0,0,-0.000000,0.000000,0,0,0.000000,0.000000,0,81.910004
1619076106740651008,61,0,-2.000000,0,0,3,-0.019199,152.399994,0,0,0.000000,0.000000,2,10.910000
1619076106740935936,62,0,0.750000,0,0,3,0.097738,105.599998,0,0,0.000000,0.150000,2,10.890000
1619076106741148928,63,0,0.000000,0,0,1,0.740020,30.500000,0,0,0.000000,0.000000,1,8.010000
1619076106774396928,0,0,0.000000,0,0,0,-0.000000,0.000000,0,0,0.000000,0.000000,0,81.910004
1619076106774649088,1,0,0.500000,0,0,4,0.012217,186.199997,0,0,0.000000,0.000000,0,10.930000
1619076106774898944,2,0,0.250000,0,0,4,0.164061,32.500000,0,0,0.000000,0.600000,0,10.880000
1619076106775172096,3,0,0.750000,0,0,3,0.120428,91.000000,0,0,0.000000,0.200000,2,10.820000
1619076106776399104,4,0,0.000000,0,0,0,-0.000000,0.000000,0,0,0.000000,0.000000,0,81.910004
1619076106776648960,5,0,3.250000,0,0,3,-0.595157,47.799999,0,0,0.000000,1.400000,1,9.180000
1619076106776898048,6,0,0.000000,0,0,3,0.064577,35.000000,0,0,0.000000,1.650000,3,2.220000
1619076106777147904,7,0,1.250000,0,0,3,-0.001745,115.500000,0,0,0.000000,0.000000,2,10.910000
1619076106777398016,8,0,2.500000,0,0,4,-0.155334,46.400002,0,0,0.000000,-0.250000,0,10.570000
1619076106777647104,9,0,0.000000,0,0,0,-0.000000,0.000000,0,0,0.000000,0.000000,0,81.910004
1619076106777901056,10,0,-0.250000,0,0,3,0.280998,46.000000,0,0,0.000000,0.450000,1,10.450000
1619076106778149888,11,0,0.000000,0,0,0,-0.000000,0.000000,0,0,0.000000,0.000000,0,81.910004
1619076106778401024,12,0,0.000000,0,0,0,-0.000000,0.000000,0,0,0.000000,0.000000,0,81.910004
1619076106778650112,13,0,2.250000,0,0,3,-0.094248,100.500000,0,0,0.000000,0.050000,2,10.800000
1619076106778896896,14,0,0.750000,0,0,3,-0.551524,34.099998,0,0,0.000000,1.900000,1,9.430000
1619076106779149056,15,0,0.000000,0,0,0,-0.000000,0.000000,0,0,0.000000,0.000000,0,81.910004
1619076106779399936,16,0,2.250000,0,0,4,-0.075049,140.100006,0,0,0.000000,0.000000,0,10.850000
1619076106779649024,17,0,0.000000,0,0,0,-0.000000,0.000000,0,0,0.000000,0.000000,0,81.910004
1619076106779898880,18,0,0.000000,0,0,0,-0.000000,0.000000,0,0,0.000000,0.000000,0,81.910004
1619076106780150016,19,0,0.000000,0,0,0,-0.000000,0.000000,0,0,0.000000,0.000000,0,81.910004
1619076106780399104,20,0,0.750000,0,0,4,0.015708,105.199997,0,0,0.000000,0.050000,0,10.890000
1619076106780652032,21,0,-0.500000,0,0,4,0.129154,76.500000,0,0,0.000000,0.000000,0,10.800000
1619076106780901120,22,0,1.500000,0,0,3,-0.076794,129.600006,0,0,0.000000,0.000000,2,10.920000
1619076106781164032,23,0,0.000000,0,0,0,-0.000000,0.000000,0,0,0.000000,0.000000,0,81.910004
1619076106781398016,24,0,0.000000,0,0,0,-0.000000,0.000000,0,0,0.000000,0.000000,0,81.910004
1619076106781649920,25,0,0.000000,0,0,0,-0.000000,0.000000,0,0,0.000000,0.000000,0,81.910004
1619076106781897984,26,0,0.750000,0,0,4,0.094248,163.199997,0,0,0.000000,0.000000,0,10.880000
1619076106782149888,27,0,-1.500000,0,0,3,0.453786,17.799999,0,0,0.000000,1.150000,1,9.730000
1619076106782397952,28,0,0.000000,0,0,0,-0.000000,0.000000,0,0,0.000000,0.000000,0,81.910004
1619076106782646016,29,0,1.000000,0,0,4,-0.102974,80.699997,0,0,0.000000,0.050000,0,10.880000
1619076106782897920,30,0,0.000000,0,0,0,-0.000000,0.000000,0,0,0.000000,0.000000,0,81.910004
1619076106783145984,31,0,0.000000,0,0,1,0.713840,16.299999,0,0,0.000000,0.000000,1,8.410000
1619076106783397888,32,0,1.000000,0,0,4,0.094248,60.799999,0,0,0.000000,0.150000,0,10.960000
1619076106783649024,33,0,0.000000,0,0,0,-0.000000,0.000000,0,0,0.000000,0.000000,0,81.910004
1619076106783897088,34,0,1.250000,0,0,3,0.010472,157.899994,0,0,0.000000,0.050000,2,10.890000
1619076106784147968,35,0,0.000000,0,0,1,0.167552,28.100000,0,0,0.000000,0.000000,1,10.730000
1619076106784399104,36,0,-0.500000,0,0,3,-0.185005,36.500000,0,0,0.000000,0.050000,1,10.770000
1619076106784647936,37,0,0.000000,0,0,0,-0.000000,0.000000,0,0,0.000000,0.000000,0,81.910004
1619076106784904960,38,0,0.250000,0,0,4,0.146608,81.900002,0,0,0.000000,0.200000,0,10.860000
1619076106785147904,39,0,0.000000,0,0,1,-0.760964,37.799999,0,0,0.000000,0.000000,1,7.890000
1619076106785396992,40,0,0.000000,0,0,0,-0.000000,0.000000,0,0,0.000000,0.000000,0,81.910004
1619076106785648896,41,0,0.000000,0,0,0,-0.000000,0.000000,0,0,0.000000,0.000000,0,81.910004
1619076106785927936,42,0,0.000000,0,0,0,-0.000000,0.000000,0,0,0.000000,0.000000,0,81.910004
1619076106786148096,43,0,0.750000,0,0,3,-0.268781,25.000000,0,0,0.000000,0.950000,1,10.660000
1619076106786397952,44,0,0.000000,0,0,0,-0.000000,0.000000,0,0,0.000000,0.000000,0,81.910004
1619076106786647040,45,0,0.000000,0,0,0,-0.000000,0.000000,0,0,0.000000,0.000000,0,81.910004
1619076106786896896,46,0,1.000000,0,0,3,-0.115192,64.400002,0,0,0.000000,0.200000,2,10.920000
1619076106787176960,47,0,0.500000,0,0,3,-0.214676,29.600000,0,0,0.000000,0.650000,1,10.840000
1619076106787398912,48,0,0.000000,0,0,0,-0.000000,0.000000,0,0,0.000000,0.000000,0,81.910004
1619076106787648000,49,0,0.500000,0,0,3,0.202458,62.799999,0,0,0.000000,0.300000,2,10.740000
1619076106787898880,50,0,-0.500000,0,0,3,0.364774,30.400000,0,0,0.000000,1.050000,1,10.240000
1619076106788147968,51,0,0.000000,0,0,0,-0.000000,0.000000,0,0,0.000000,0.000000,0,81.910004
1619076106788398080,52,0,0.000000,0,0,0,-0.000000,0.000000,0,0,0.000000,0.000000,0,81.910004
1619076106788672000,53,0,3.000000,0,0,3,0.020944,129.600006,0,0,0.000000,0.000000,2,10.910000
1619076106788900096,54,0,1.250000,0,0,3,0.015708,138.800003,0,0,0.000000,0.000000,2,10.910000
1619076106789150976,55,0,0.000000,0,0,0,-0.000000,0.000000,0,0,0.000000,0.000000,0,81.910004
1619076106789401088,56,0,0.000000,0,0,0,-0.000000,0.000000,0,0,0.000000,0.000000,0,81.910004
1619076106789671936,57,0,1.000000,0,0,3,0.263545,20.400000,0,0,0.000000,1.300000,1,10.610000
1619076106789921024,58,0,0.500000,0,0,3,-0.026180,41.099998,0,0,0.000000,0.250000,2,10.970000
1619076106790149120,59,0,0.250000,0,0,3,0.106465,99.199997,0,0,0.000000,0.000000,2,10.840000
1619076106790398976,60,0,0.000000,0,0,0,-0.000000,0.000000,0,0,0.000000,0.000000,0,81.910004
1619076106790671104,61,0,-2.250000,0,0,3,-0.019199,153.100006,0,0,0.000000,0.000000,2,10.920000
1619076106790903040,62,0,0.750000,0,0,3,0.094248,106.099998,0,0,0.000000,0.150000,2,10.890000
1619076106791152896,63,0,0.750000,0,0,2,0.757473,30.900000,0,0,0.000000,0.000000,1,8.030000
1619076106824419072,0,0,0.000000,0,0,0,-0.000000,0.000000,0,0,0.000000,0.000000,0,81.910004
1619076106824669952,1,0,0.500000,0,0,4,0.012217,186.800003,0,0,0.000000,0.000000,0,10.930000
1619076106824896000,2,0,0.250000,0,0,3,0.160570,33.400002,0,0,0.000000,0.550000,3,10.880000
1619076106825145088,3,0,0.750000,0,0,3,0.118682,91.500000,0,0,0.000000,0.200000,2,10.820000
1619076106825399040,4,0,0.000000,0,0,0,-0.000000,0.000000,0,0,0.000000,0.000000,0,81.910004
1619076106825651968,5,0,0.500000,0,0,3,-0.568977,48.200001,0,0,0.000000,1.400000,1,9.270000
1619076106825924096,6,0,-0.250000,0,0,3,0.068068,35.099998,0,0,0.000000,1.650000,3,2.300000
1619076106826151936,7,0,1.250000,0,0,3,-0.005236,116.000000,0,0,0.000000,0.000000,2,10.910000
1619076106826418944,8,0,2.500000,0,0,4,-0.153589,46.900002,0,0,0.000000,-0.250000,0,10.550000
1619076106826669056,9,0,0.000000,0,0,0,-0.000000,0.000000,0,0,0.000000,0.000000,0,81.910004
1619076106826920960,10,0,-0.250000,0,0,3,0.277507,46.500000,0,0,0.000000,0.450000,1,10.470000
1619076106827170048,11,0,0.000000,0,0,0,-0.000000,0.000000,0,0,0.000000,0.000000,0,81.910004
1619076106827418880,12,0,0.000000,0,0,1,0.125664,147.000000,0,0,0.000000,0.000000,2,11.410000
1619076106827668992,13,0,1.250000,0,0,3,-0.092502,101.099998,0,0,0.000000,0.050000,2,10.800000
1619076106827919104,14,0,0.500000,0,0,3,-0.528835,34.500000,0,0,0.000000,1.900000,1,9.490000
1619076106828167936,15,0,0.000000,0,0,0,-0.000000,0.000000,0,0,0.000000,0.000000,0,81.910004
1619076106828419072,16,0,2.250000,0,0,4,-0.075049,140.600006,0,0,0.000000,0.000000,0,10.850000
1619076106828668928,17,0,0.000000,0,0,0,-0.000000,0.000000,0,0,0.000000,0.000000,0,81.910004
1619076106828919040,18,0,0.000000,0,0,1,0.425860,35.900002,0,0,0.000000,0.000000,1,9.920000
1619076106829169920,19,0,0.000000,0,0,0,-0.000000,0.000000,0,0,0.000000,0.000000,0,81.910004
1619076106829419008,20,0,0.750000,0,0,4,0.015708,105.699997,0,0,0.000000,0.050000,0,10.890000
1619076106829669888,21,0,-0.500000,0,0,4,0.127409,77.099998,0,0,0.000000,0.000000,0,10.800000
1619076106829918976,22,0,1.500000,0,0,4,-0.076794,130.199997,0,0,0.000000,0.000000,0,10.920000
1619076106830170112,23,0,0.000000,0,0,1,-0.406662,46.299999,0,0,0.000000,0.000000,1,10.130000
1619076106830416896,24,0,0.000000,0,0,0,-0.000000,0.000000,0,0,0.000000,0.000000,0,81.910004
1619076106830669056,25,0,0.000000,0,0,0,-0.000000,0.000000,0,0,0.000000,0.000000,0,81.910004
1619076106830917888,26,0,0.750000,0,0,4,0.094248,163.800003,0,0,0.000000,0.000000,0,10.880000
1619076106831168000,27,0,-1.500000,0,0,3,0.438078,18.200001,0,0,0.000000,1.300000,1,9.840000
1619076106831418880,28,0,0.000000,0,0,0,-0.000000,0.000000,0,0,0.000000,0.000000,0,81.910004
1619076106831668992,29,0,1.000000,0,0,4,-0.101229,81.199997,0,0,0.000000,0.050000,0,10.880000
1619076106831926016,30,0,0.000000,0,0,0,-0.000000,0.000000,0,0,0.000000,0.000000,0,81.910004
1619076106832169984,31,0,1.500000,0,0,2,0.726057,16.700001,0,0,0.000000,0.000000,1,8.450000
1619076106832418048,32,0,1.000000,0,0,4,0.092502,61.400002,0,0,0.000000,0.150000,0,10.960000
1619076106832667904,33,0,0.000000,0,0,0,-0.000000,0.000000,0,0,0.000000,0.000000,0,81.910004
1619076106832903936,34,0,2.500000,0,0,3,0.005236,158.600006,0,0,0.000000,0.050000,2,10.900000
1619076106833168896,35,0,0.750000,0,0,2,0.188496,28.600000,0,0,0.000000,0.000000,1,10.730000
1619076106833417984,36,0,-0.750000,0,0,3,-0.179769,37.000000,0,0,0.000000,0.050000,1,10.770000
1619076106833668096,37,0,0.000000,0,0,0,-0.000000,0.000000,0,0,0.000000,0.000000,0,81.910004
1619076106833918976,38,0,0.250000,0,0,4,0.146608,82.400002,0,0,0.000000,0.200000,0,10.860000
1619076106834169088,39,0,-0.750000,0,0,2,-0.767945,38.200001,0,0,0.000000,0.000000,1,7.900000
1619076106834417920,40,0,0.000000,0,0,0,-0.000000,0.000000,0,0,0.000000,0.000000,0,81.910004
1619076106834669056,41,0,0.000000,0,0,1,-0.111701,120.800003,0,0,0.000000,0.000000,2,10.930000
1619076106834920960,42,0,0.000000,0,0,0,-0.000000,0.000000,0,0,0.000000,0.000000,0,81.910004
1619076106835168000,43,0,1.000000,0,0,3,-0.265290,25.600000,0,0,0.000000,0.900000,1,10.670000
1619076106835418880,44,0,0.000000,0,0,0,-0.000000,0.000000,0,0,0.000000,0.000000,0,81.910004
1619076106835671040,45,0,0.000000,0,0,0,-0.000000,0.000000,0,0,0.000000,0.000000,0,81.910004
1619076106835938048,46,0,1.000000,0,0,4,-0.113446,65.000000,0,0,0.000000,0.200000,0,10.920000
1619076106836153088,47,0,0.500000,0,0,3,-0.211185,30.100000,0,0,0.000000,0.650000,1,10.840000
1619076106836401920,48,0,0.000000,0,0,0,-0.000000,0.000000,0,0,0.000000,0.000000,0,81.910004
1619076106836669952,49,0,0.500000,0,0,4,0.200713,63.299999,0,0,0.000000,0.300000,0,10.750000
1619076106836920064,50,0,-0.500000,0,0,3,0.347321,30.900000,0,0,0.000000,1.050000,1,10.280000
1619076106837168896,51,0,0.000000,0,0,0,-0.000000,0.000000,0,0,0.000000,0.000000,0,81.910004
1619076106837420032,52,0,0.000000,0,0,0,-0.000000,0.000000,0,0,0.000000,0.000000,0,81.910004
1619076106837669120,53,0,2.500000,0,0,3,0.020944,130.500000,0,0,0.000000,0.000000,2,10.910000
1619076106837917952,54,0,2.000000,0,0,3,0.013963,139.600006,0,0,0.000000,0.000000,2,10.910000
1619076106838170112,55,0,0.000000,0,0,0,-0.000000,0.000000,0,0,0.000000,0.000000,0,81.910004
1619076106838422016,56,0,0.000000,0,0,0,-0.000000,0.000000,0,0,0.000000,0.000000,0,81.910004
1619076106838670080,57,0,0.750000,0,0,3,0.260054,20.900000,0,0,0.000000,1.300000,1,10.660000
1619076106838918912,58,0,0.500000,0,0,3,-0.026180,41.700001,0,0,0.000000,0.250000,2,10.970000
1619076106839170048,59,0,0.500000,0,0,3,0.106465,99.699997,0,0,0.000000,0.050000,2,10.850000
1619076106839418112,60,0,0.000000,0,0,0,-0.000000,0.000000,0,0,0.000000,0.000000,0,81.910004
1619076106839670016,61,0,-2.500000,0,0,3,-0.017453,153.800003,0,0,0.000000,0.000000,2,10.920000
1619076106839921920,62,0,1.000000,0,0,3,0.089012,106.599998,0,0,0.000000,0.150000,2,10.890000
1619076106840169984,63,0,1.000000,0,0,2,0.743510,31.299999,0,0,0.000000,0.000000,1,8.070000
1619076106874416896,0,0,0.000000,0,0,0,-0.000000,0.000000,0,0,0.000000,0.000000,0,81.910004
1619076106874667008,1,0,0.500000,0,0,4,0.010472,187.300003,0,0,0.000000,0.000000,0,10.930000
1619076106874917888,2,0,0.250000,0,0,3,0.146608,33.900002,0,0,0.000000,0.550000,1,10.880000
1619076106875170048,3,0,0.750000,0,0,3,0.116937,92.099998,0,0,0.000000,0.200000,2,10.820000
1619076106875419904,4,0,0.000000,0,0,0,-0.000000,0.000000,0,0,0.000000,0.000000,0,81.910004
1619076106875665920,5,0,0.500000,0,0,4,-0.563741,48.599998,0,0,0.000000,1.400000,0,9.330000
1619076106875952128,6,0,-0.250000,0,0,3,0.076794,35.299999,0,0,0.000000,1.650000,3,2.380000
1619076106876199936,7,0,1.250000,0,0,3,-0.003491,116.599998,0,0,0.000000,0.000000,2,10.910000
1619076106876421888,8,0,2.500000,0,0,4,-0.153589,47.400002,0,0,0.000000,-0.250000,0,10.540000
1619076106876667904,9,0,0.000000,0,0,0,-0.000000,0.000000,0,0,0.000000,0.000000,0,81.910004
1619076106876921088,10,0,0.000000,0,0,3,0.277507,46.900002,0,0,0.000000,0.450000,1,10.480000
1619076106877168128,11,0,0.000000,0,0,0,-0.000000,0.000000,0,0,0.000000,0.000000,0,81.910004
1619076106877419008,12,0,0.000000,0,0,0,-0.000000,0.000000,0,0,0.000000,0.000000,0,81.910004
1619076106877670912,13,0,1.250000,0,0,4,-0.092502,101.599998,0,0,0.000000,0.050000,0,10.800000
1619076106877917952,14,0,0.500000,0,0,3,-0.537561,35.000000,0,0,0.000000,1.900000,1,9.560000
1619076106878205952,15,0,0.000000,0,0,0,-0.000000,0.000000,0,0,0.000000,0.000000,0,81.910004
1619076106878423040,16,0,2.250000,0,0,4,-0.075049,141.199997,0,0,0.000000,0.000000,0,10.850000
1619076106878668032,17,0,0.000000,0,0,0,-0.000000,0.000000,0,0,0.000000,0.000000,0,81.910004
1619076106878953984,18,0,0.000000,0,0,0,-0.000000,0.000000,0,0,0.000000,0.000000,0,81.910004
1619076106879200000,19,0,0.000000,0,0,0,-0.000000,0.000000,0,0,0.000000,0.000000,0,81.910004
1619076106879444992,20,0,0.750000,0,0,4,0.015708,106.199997,0,0,0.000000,0.050000,0,10.890000
1619076106879704064,21,0,-2.000000,0,0,3,0.132645,77.599998,0,0,0.000000,0.000000,2,10.800000
1619076106879919104,22,0,1.500000,0,0,4,-0.076794,130.699997,0,0,0.000000,0.000000,0,10.920000
1619076106880168960,23,0,0.000000,0,0,0,-0.000000,0.000000,0,0,0.000000,0.000000,0,81.910004
1619076106880418048,24,0,0.000000,0,0,0,-0.000000,0.000000,0,0,0.000000,0.000000,0,81.910004
1619076106880668928,25,0,0.000000,0,0,0,-0.000000,0.000000,0,0,0.000000,0.000000,0,81.910004
1619076106880918016,26,0,0.750000,0,0,4,0.094248,164.300003,0,0,0.000000,0.000000,0,10.880000
1619076106881167104,27,0,-1.500000,0,0,3,0.425860,18.700001,0,0,0.000000,1.400000,1,9.920000
1619076106881416960,28,0,0.000000,0,0,0,-0.000000,0.000000,0,0,0.000000,0.000000,0,81.910004
1619076106882416896,29,0,1.000000,0,0,4,-0.101229,81.800003,0,0,0.000000,0.050000,0,10.880000
1619076106882665984,30,0,0.000000,0,0,0,-0.000000,0.000000,0,0,0.000000,0.000000,0,81.910004
1619076106882917120,31,0,2.750000,0,0,2,0.678933,17.100000,0,0,0.000000,0.050000,1,8.550000
1619076106883172096,32,0,1.000000,0,0,4,0.090757,61.900002,0,0,0.000000,0.150000,0,10.960000
1619076106883420928,33,0,0.000000,0,0,0,-0.000000,0.000000,0,0,0.000000,0.000000,0,81.910004
1619076106883674880,34,0,3.000000,0,0,3,0.003491,159.199997,0,0,0.000000,0.050000,2,10.910000
1619076106883918080,35,0,1.250000,0,0,2,0.181514,29.299999,0,0,0.000000,0.000000,2,10.740000
1619076106883918080,36,0,-0.750000,0,0,4,-0.178024,37.500000,0,0,0.000000,0.050000,0,10.770000
1619076106884420096,37,0,0.000000,0,0,0,-0.000000,0.000000,0,0,0.000000,0.000000,0,81.910004
1619076106884668928,38,0,0.000000,0,0,3,0.150098,82.900002,0,0,0.000000,0.200000,2,10.850000
1619076106884921088,39,0,-0.750000,0,0,2,-0.759218,38.500000,0,0,0.000000,-0.050000,1,7.840000
1619076106885168128,40,0,0.000000,0,0,0,-0.000000,0.000000,0,0,0.000000,0.000000,0,81.910004
1619076106885420032,41,0,0.000000,0,0,0,-0.000000,0.000000,0,0,0.000000,0.000000,0,81.910004
1619076106885673984,42,0,0.000000,0,0,0,-0.000000,0.000000,0,0,0.000000,0.000000,0,81.910004
1619076106885927936,43,0,1.000000,0,0,3,-0.260054,26.100000,0,0,0.000000,0.900000,1,10.690000
1619076106886176000,44,0,0.000000,0,0,0,-0.000000,0.000000,0,0,0.000000,0.000000,0,81.910004
1619076106886423040,45,0,0.000000,0,0,0,-0.000000,0.000000,0,0,0.000000,0.000000,0,81.910004
1619076106886674944,46,0,1.000000,0,0,4,-0.111701,65.500000,0,0,0.000000,0.200000,0,10.920000
1619076106886928896,47,0,0.500000,0,0,3,-0.193732,31.000000,0,0,0.000000,0.650000,1,10.860000
1619076106887201024,48,0,0.000000,0,0,0,-0.000000,0.000000,0,0,0.000000,0.000000,0,81.910004
1619076106887416064,49,0,0.750000,0,0,3,0.195477,64.199997,0,0,0.000000,0.300000,2,10.760000
1619076106887738880,50,0,-0.250000,0,0,3,0.359538,31.400000,0,0,0.000000,1.000000,1,10.320000
1619076106887917056,51,0,0.000000,0,0,0,-0.000000,0.000000,0,0,0.000000,0.000000,0,81.910004
1619076106888173056,52,0,0.000000,0,0,0,-0.000000,0.000000,0,0,0.000000,0.000000,0,81.910004
1619076106888421120,53,0,2.500000,0,0,4,0.020944,131.100006,0,0,0.000000,0.000000,0,10.910000
1619076106888668928,54,0,1.500000,0,0,3,0.013963,140.300003,0,0,0.000000,0.000000,2,10.920000
1619076106888922112,55,0,0.000000,0,0,0,-0.000000,0.000000,0,0,0.000000,0.000000,0,81.910004
1619076106889170944,56,0,0.000000,0,0,0,-0.000000,0.000000,0,0,0.000000,0.000000,0,81.910004
1619076106889422080,57,0,0.750000,0,0,3,0.256563,21.400000,0,0,0.000000,1.250000,1,10.700000
1619076106889709056,58,0,0.500000,0,0,3,-0.027925,42.299999,0,0,0.000000,0.250000,2,10.970000
1619076106889923072,59,0,0.500000,0,0,3,0.106465,100.199997,0,0,0.000000,0.050000,2,10.850000
1619076106890172928,60,0,0.000000,0,0,0,-0.000000,0.000000,0,0,0.000000,0.000000,0,81.910004
1619076106890423040,61,0,-0.500000,0,0,3,-0.022689,154.800003,0,0,0.000000,0.000000,2,10.920000
1619076106890710016,62,0,1.000000,0,0,3,0.089012,107.099998,0,0,0.000000,0.150000,2,10.890000
1619076106890917120,63,0,2.250000,0,0,3,0.731293,31.799999,0,0,0.000000,0.050000,1,8.110000
1619076106924421888,0,0,0.000000,0,0,0,-0.000000,0.000000,0,0,0.000000,0.000000,0,81.910004
1619076106924705024,1,0,0.500000,0,0,4,0.010472,187.899994,0,0,0.000000,0.000000,0,10.930000
1619076106924916992,2,0,0.250000,0,0,3,0.146608,34.400002,0,0,0.000000,0.550000,3,10.880000
1619076106925166080,3,0,0.750000,0,0,3,0.116937,92.599998,0,0,0.000000,0.200000,2,10.830000
1619076106925417984,4,0,0.000000,0,0,0,-0.000000,0.000000,0,0,0.000000,0.000000,0,81.910004
1619076106925666048,5,0,0.500000,0,0,4,-0.556760,49.099998,0,0,0.000000,1.400000,0,9.390000
1619076106925957888,6,0,-0.500000,0,0,3,0.076794,35.400002,0,0,0.000000,1.650000,3,2.450000
1619076106926204928,7,0,1.000000,0,0,3,-0.003491,117.099998,0,0,0.000000,0.000000,2,10.910000
1619076106926422016,8,0,2.500000,0,0,4,-0.150098,48.000000,0,0,0.000000,-0.250000,0,10.520000
1619076106926672896,9,0,0.000000,0,0,0,-0.000000,0.000000,0,0,0.000000,0.000000,0,81.910004
1619076106926923008,10,0,0.000000,0,0,3,0.272271,47.799999,0,0,0.000000,0.450000,1,10.510000
1619076106927205120,11,0,0.000000,0,0,0,-0.000000,0.000000,0,0,0.000000,0.000000,0,81.910004
1619076106927454976,12,0,0.000000,0,0,0,-0.000000,0.000000,0,0,0.000000,0.000000,0,81.910004
1619076106927705088,13,0,1.250000,0,0,4,-0.092502,102.099998,0,0,0.000000,0.050000,0,10.800000
1619076106927954944,14,0,0.500000,0,0,3,-0.514872,35.500000,0,0,0.000000,1.850000,1,9.620000
1619076106928204032,15,0,0.000000,0,0,0,-0.000000,0.000000,0,0,0.000000,0.000000,0,81.910004
1619076106928454912,16,0,2.250000,0,0,4,-0.075049,141.699997,0,0,0.000000,0.000000,0,10.850000
1619076106928705024,17,0,0.000000,0,0,0,-0.000000,0.000000,0,0,0.000000,0.000000,0,81.910004
1619076106928957952,18,0,0.000000,0,0,0,-0.000000,0.000000,0,0,0.000000,0.000000,0,81.910004
1619076106929204992,19,0,0.000000,0,0,0,-0.000000,0.000000,0,0,0.000000,0.000000,0,81.910004
1619076106929455104,20,0,0.750000,0,0,4,0.015708,106.800003,0,0,0.000000,0.050000,0,10.890000
1619076106929704960,21,0,-3.000000,0,0,3,0.134390,78.099998,0,0,0.000000,0.000000,2,10.800000
1619076106929954048,22,0,1.500000,0,0,4,-0.076794,131.300003,0,0,0.000000,0.000000,0,10.920000
1619076106930202880,23,0,0.000000,0,0,0,-0.000000,0.000000,0,0,0.000000,0.000000,0,81.910004
1619076106930454016,24,0,0.000000,0,0,0,-0.000000,0.000000,0,0,0.000000,0.000000,0,81.910004
1619076106930705920,25,0,0.000000,0,0,0,-0.000000,0.000000,0,0,0.000000,0.000000,0,81.910004
1619076106930955008,26,0,0.750000,0,0,4,0.092502,164.899994,0,0,0.000000,0.000000,0,10.880000
1619076106930956032,27,0,-1.750000,0,0,3,0.434587,19.100000,0,0,0.000000,1.300000,1,9.950000
1619076106931454976,28,0,0.000000,0,0,0,-0.000000,0.000000,0,0,0.000000,0.000000,0,81.910004
1619076106931705088,29,0,1.000000,0,0,4,-0.101229,82.300003,0,0,0.000000,0.050000,0,10.880000
1619076106931953920,30,0,0.000000,0,0,0,-0.000000,0.000000,0,0,0.000000,0.000000,0,81.910004
1619076106932171008,31,0,6.000000,0,0,3,0.657989,17.500000,0,0,0.000000,0.050000,1,8.590000
1619076106932421120,32,0,1.000000,0,0,4,0.090757,62.500000,0,0,0.000000,0.150000,0,10.960000
1619076106932673024,33,0,0.000000,0,0,0,-0.000000,0.000000,0,0,0.000000,0.000000,0,81.910004
1619076106932922112,34,0,2.750000,0,0,3,0.003491,160.100006,0,0,0.000000,0.050000,2,10.910000
1619076106933171968,35,0,1.500000,0,0,2,0.176278,30.000000,0,0,0.000000,0.000000,1,10.760000
1619076106933424128,36,0,-0.750000,0,0,4,-0.174533,38.000000,0,0,0.000000,0.050000,0,10.770000
1619076106933690880,37,0,0.000000,0,0,0,-0.000000,0.000000,0,0,0.000000,0.000000,0,81.910004
1619076106933954048,38,0,-0.500000,0,0,3,0.153589,83.400002,0,0,0.000000,0.200000,2,10.840000
1619076106934171904,39,0,-3.000000,0,0,3,-0.748746,38.900002,0,0,0.000000,0.000000,1,7.890000
1619076106934425088,40,0,0.000000,0,0,0,-0.000000,0.000000,0,0,0.000000,0.000000,0,81.910004
1619076106934705920,41,0,0.000000,0,0,0,-0.000000,0.000000,0,0,0.000000,0.000000,0,81.910004
1619076106934955008,42,0,0.000000,0,0,0,-0.000000,0.000000,0,0,0.000000,0.000000,0,81.910004
1619076106935205120,43,0,1.000000,0,0,3,-0.256563,26.600000,0,0,0.000000,0.850000,1,10.710000
1619076106935453952,44,0,0.000000,0,0,0,-0.000000,0.000000,0,0,0.000000,0.000000,0,81.910004
1619076106935706112,45,0,0.000000,0,0,0,-0.000000,0.000000,0,0,0.000000,0.000000,0,81.910004
1619076106935952896,46,0,1.000000,0,0,4,-0.111701,66.000000,0,0,0.000000,0.200000,0,10.920000
1619076106936175104,47,0,0.500000,0,0,3,-0.190241,31.900000,0,0,0.000000,0.600000,1,10.880000
1619076106936421888,48,0,0.000000,0,0,0,-0.000000,0.000000,0,0,0.000000,0.000000,0,81.910004
1619076106936674048,49,0,0.750000,0,0,4,0.193732,64.699997,0,0,0.000000,0.300000,0,10.770000
1619076106936924928,50,0,-0.250000,0,0,3,0.338594,31.900000,0,0,0.000000,1.000000,1,10.350000
1619076106937177088,51,0,0.000000,0,0,0,-0.000000,0.000000,0,0,0.000000,0.000000,0,81.910004
1619076106937423104,52,0,0.000000,0,0,0,-0.000000,0.000000,0,0,0.000000,0.000000,0,81.910004
1619076106937681920,53,0,2.500000,0,0,4,0.020944,131.600006,0,0,0.000000,0.000000,0,10.910000
1619076106937956096,54,0,1.500000,0,0,3,0.015708,141.199997,0,0,0.000000,0.000000,2,10.920000
1619076106938174976,55,0,0.000000,0,0,0,-0.000000,0.000000,0,0,0.000000,0.000000,0,81.910004
1619076106938455040,56,0,0.000000,0,0,0,-0.000000,0.000000,0,0,0.000000,0.000000,0,81.910004
1619076106938704896,57,0,0.750000,0,0,3,0.253073,21.900000,0,0,0.000000,1.200000,1,10.740000
1619076106938958080,58,0,0.500000,0,0,3,-0.027925,42.799999,0,0,0.000000,0.200000,2,10.960000
1619076106938959104,59,0,0.500000,0,0,3,0.106465,100.699997,0,0,0.000000,0.050000,2,10.850000
1619076106939456000,60,0,0.000000,0,0,0,-0.000000,0.000000,0,0,0.000000,0.000000,0,81.910004
1619076106939704064,61,0,1.000000,0,0,3,-0.024435,155.699997,0,0,0.000000,0.000000,2,10.920000
1619076106939954944,62,0,1.000000,0,0,3,0.087266,107.599998,0,0,0.000000,0.150000,2,10.890000
1619076106940204032,63,0,1.750000,0,0,3,0.719076,32.200001,0,0,0.000000,0.200000,1,8.160000
1619076106974450944,0,0,0.000000,0,0,0,-0.000000,0.000000,0,0,0.000000,0.000000,0,81.910004
1619076106974705920,1,0,0.500000,0,0,4,0.010472,188.399994,0,0,0.000000,0.000000,0,10.930000
1619076106974955008,2,0,0.250000,0,0,3,0.144862,34.900002,0,0,0.000000,0.550000,1,10.890000
1619076106975201024,3,0,0.750000,0,0,3,0.115192,93.099998,0,0,0.000000,0.200000,2,10.830000
1619076106975452928,4,0,0.000000,0,0,0,-0.000000,0.000000,0,0,0.000000,0.000000,0,81.910004
1619076106975703040,5,0,1.250000,0,0,3,-0.560251,49.599998,0,0,0.000000,1.400000,1,9.430000
1619076106975951872,6,0,-0.250000,0,0,3,0.075049,35.599998,0,0,0.000000,1.650000,3,2.520000
1619076106976239104,7,0,1.000000,0,0,3,-0.003491,117.599998,0,0,0.000000,0.000000,2,10.920000
1619076106976453888,8,0,2.500000,0,0,4,-0.148353,48.500000,0,0,0.000000,-0.250000,0,10.510000
1619076106976702976,9,0,0.000000,0,0,0,-0.000000,0.000000,0,0,0.000000,0.000000,0,81.910004
1619076106976986880,10,0,0.000000,0,0,3,0.268781,48.700001,0,0,0.000000,0.450000,1,10.520000
1619076106977231872,11,0,0.000000,0,0,0,-0.000000,0.000000,0,0,0.000000,0.000000,0,81.910004
1619076106977456128,12,0,0.000000,0,0,0,-0.000000,0.000000,0,0,0.000000,0.000000,0,81.910004
1619076106977703936,13,0,1.250000,0,0,4,-0.090757,102.699997,0,0,0.000000,0.050000,0,10.800000
1619076106977953024,14,0,0.500000,0,0,3,-0.497419,35.900002,0,0,0.000000,1.800000,1,9.620000
1619076106978203904,15,0,0.000000,0,0,0,-0.000000,0.000000,0,0,0.000000,0.000000,0,81.910004
1619076106978451968,16,0,2.250000,0,0,4,-0.075049,142.199997,0,0,0.000000,0.000000,0,10.850000
1619076106978704896,17,0,0.000000,0,0,0,-0.000000,0.000000,0,0,0.000000,0.000000,0,81.910004
1619076106978951936,18,0,0.000000,0,0,0,-0.000000,0.000000,0,0,0.000000,0.000000,0,81.910004
1619076106979232000,19,0,0.000000,0,0,0,-0.000000,0.000000,0,0,0.000000,0.000000,0,81.910004
1619076106979490048,20,0,0.750000,0,0,4,0.015708,107.300003,0,0,0.000000,0.050000,0,10.890000
1619076106979702016,21,0,-3.250000,0,0,3,0.136136,78.599998,0,0,0.000000,0.000000,2,10.800000
1619076106979982080,22,0,1.500000,0,0,4,-0.076794,131.800003,0,0,0.000000,0.000000,0,10.920000
1619076106980204032,23,0,0.000000,0,0,0,-0.000000,0.000000,0,0,0.000000,0.000000,0,81.910004
1619076106980452096,24,0,0.000000,0,0,0,-0.000000,0.000000,0,0,0.000000,0.000000,0,81.910004
1619076106980701952,25,0,0.000000,0,0,0,-0.000000,0.000000,0,0,0.000000,0.000000,0,81.910004
1619076106980980992,26,0,0.750000,0,0,4,0.092502,165.399994,0,0,0.000000,0.000000,0,10.880000
1619076106980980992,27,0,-1.000000,0,0,3,0.399680,19.600000,0,0,0.000000,1.300000,1,10.020000
1619076106981454080,28,0,0.000000,0,0,1,0.034907,85.900002,0,0,0.000000,0.000000,2,10.950000
1619076106981729024,29,0,1.000000,0,0,4,-0.099484,82.900002,0,0,0.000000,0.050000,0,10.880000
1619076106981978112,30,0,0.000000,0,0,0,-0.000000,0.000000,0,0,0.000000,0.000000,0,81.910004
1619076106982203904,31,0,5.250000,0,0,3,0.640536,17.900000,0,0,0.000000,0.150000,1,8.620000
1619076106982452992,32,0,1.000000,0,0,4,0.090757,63.000000,0,0,0.000000,0.150000,0,10.960000
1619076106982734080,33,0,0.000000,0,0,0,-0.000000,0.000000,0,0,0.000000,0.000000,0,81.910004
1619076106982734080,34,0,1.750000,0,0,3,0.005236,161.000000,0,0,0.000000,0.050000,2,10.910000
1619076106982952960,35,0,1.500000,0,0,7,0.172788,30.600000,0,0,0.000000,0.000000,0,10.760000
1619076106983450880,36,0,-0.750000,0,0,4,-0.172788,38.599998,0,0,0.000000,0.050000,0,10.770000
1619076106983703040,37,0,0.000000,0,0,0,-0.000000,0.000000,0,0,0.000000,0.000000,0,81.910004
1619076106983952896,38,0,-0.500000,0,0,4,0.151844,83.900002,0,0,0.000000,0.200000,0,10.840000
1619076106984200960,39,0,-2.750000,0,0,3,-0.740020,39.299999,0,0,0.000000,0.200000,1,7.960000
1619076106984455936,40,0,0.000000,0,0,0,-0.000000,0.000000,0,0,0.000000,0.000000,0,81.910004
1619076106984704000,41,0,0.000000,0,0,0,-0.000000,0.000000,0,0,0.000000,0.000000,0,81.910004
1619076106984953088,42,0,0.000000,0,0,0,-0.000000,0.000000,0,0,0.000000,0.000000,0,81.910004
1619076106984954112,43,0,1.000000,0,0,3,-0.251327,27.200001,0,0,0.000000,0.850000,1,10.730000
1619076106985452032,44,0,0.000000,0,0,0,-0.000000,0.000000,0,0,0.000000,0.000000,0,81.910004
1619076106985701888,45,0,0.000000,0,0,0,-0.000000,0.000000,0,0,0.000000,0.000000,0,81.910004
1619076106985956096,46,0,1.000000,0,0,4,-0.109956,66.599998,0,0,0.000000,0.200000,0,10.920000
1619076106986198016,47,0,0.500000,0,0,3,-0.185005,32.799999,0,0,0.000000,0.600000,1,10.890000
1619076106986451968,48,0,0.000000,0,0,0,-0.000000,0.000000,0,0,0.000000,0.000000,0,81.910004
1619076106986703872,49,0,0.750000,0,0,4,0.193732,65.300003,0,0,0.000000,0.300000,0,10.770000
1619076106986703872,50,0,-0.500000,0,0,3,0.345575,32.400002,0,0,0.000000,0.950000,1,10.370000
1619076106986952960,51,0,0.000000,0,0,0,-0.000000,0.000000,0,0,0.000000,0.000000,0,81.910004
1619076106987458048,52,0,0.000000,0,0,0,-0.000000,0.000000,0,0,0.000000,0.000000,0,81.910004
1619076106987712000,53,0,2.500000,0,0,4,0.020944,132.199997,0,0,0.000000,0.000000,0,10.910000
1619076106987954944,54,0,1.250000,0,0,3,0.015708,142.100006,0,0,0.000000,0.000000,2,10.920000
1619076106988207104,55,0,0.000000,0,0,0,-0.000000,0.000000,0,0,0.000000,0.000000,0,81.910004
1619076106988456960,56,0,0.000000,0,0,0,-0.000000,0.000000,0,0,0.000000,0.000000,0,81.910004
1619076106988706048,57,0,0.750000,0,0,4,0.246091,22.500000,0,0,0.000000,1.200000,0,10.800000
1619076106988954112,58,0,0.500000,0,0,3,-0.027925,43.299999,0,0,0.000000,0.200000,2,10.960000
1619076106989203968,59,0,0.500000,0,0,3,0.102974,101.300003,0,0,0.000000,0.050000,2,10.850000
1619076106989456896,60,0,0.000000,0,0,0,-0.000000,0.000000,0,0,0.000000,0.000000,0,81.910004
1619076106989707008,61,0,1.250000,0,0,3,-0.024435,156.600006,0,0,0.000000,0.000000,2,10.920000
1619076106989955072,62,0,1.000000,0,0,3,0.087266,108.199997,0,0,0.000000,0.150000,2,10.890000
1619076106990203904,63,0,1.750000,0,0,3,0.708604,32.599998,0,0,0.000000,0.350000,1,8.220000
1619076107024452096,0,0,0.000000,0,0,0,-0.000000,0.000000,0,0,0.000000,0.000000,0,81.910004
1619076107024708096,1,0,0.500000,0,0,4,0.010472,189.000000,0,0,0.000000,0.000000,0,10.930000
1619076107024954880,2,0,0.500000,0,0,3,0.143117,35.400002,0,0,0.000000,0.500000,3,10.900000
1619076107025201920,3,0,0.750000,0,0,3,0.111701,93.599998,0,0,0.000000,0.200000,2,10.830000
1619076107025449984,4,0,0.000000,0,0,0,-0.000000,0.000000,0,0,0.000000,0.000000,0,81.910004
1619076107025702912,5,0,-1.250000,0,0,3,-0.539307,50.200001,0,0,0.000000,1.400000,1,9.510000
1619076107025954048,6,0,0.000000,0,0,3,0.073304,35.700001,0,0,0.000000,1.650000,3,2.580000
1619076107026204928,7,0,1.000000,0,0,3,-0.003491,118.199997,0,0,0.000000,0.000000,2,10.920000
1619076107026451968,8,0,2.500000,0,0,4,-0.146608,49.000000,0,0,0.000000,-0.250000,0,10.490000
1619076107026702080,9,0,0.000000,0,0,1,0.289725,33.099998,0,0,0.000000,0.000000,1,-28.139999
1619076107026702080,10,0,0.000000,0,0,3,0.265290,49.400002,0,0,0.000000,0.450000,1,10.540000
1619076107026952960,11,0,0.000000,0,0,0,-0.000000,0.000000,0,0,0.000000,0.000000,0,81.910004
1619076107027451904,12,0,0.000000,0,0,0,-0.000000,0.000000,0,0,0.000000,0.000000,0,81.910004
1619076107027702016,13,0,1.250000,0,0,4,-0.090757,103.199997,0,0,0.000000,0.050000,0,10.800000
1619076107027952128,14,0,0.500000,0,0,3,-0.504400,36.400002,0,0,0.000000,1.650000,1,9.650000
1619076107028201984,15,0,0.000000,0,0,0,-0.000000,0.000000,0,0,0.000000,0.000000,0,81.910004
1619076107028453888,16,0,2.250000,0,0,4,-0.075049,142.800003,0,0,0.000000,0.000000,0,10.850000
1619076107028702976,17,0,0.000000,0,0,0,-0.000000,0.000000,0,0,0.000000,0.000000,0,81.910004
1619076107028953088,18,0,0.000000,0,0,0,-0.000000,0.000000,0,0,0.000000,0.000000,0,81.910004
1619076107029202944,19,0,0.000000,0,0,0,-0.000000,0.000000,0,0,0.000000,0.000000,0,81.910004
1619076107029452032,20,0,0.750000,0,0,4,0.015708,107.900002,0,0,0.000000,0.050000,0,10.890000
1619076107029701888,21,0,-3.500000,0,0,3,0.137881,79.099998,0,0,0.000000,0.000000,2,10.800000
1619076107029952000,22,0,1.500000,0,0,4,-0.075049,132.399994,0,0,0.000000,0.000000,0,10.920000
1619076107030202880,23,0,0.000000,0,0,0,-0.000000,0.000000,0,0,0.000000,0.000000,0,81.910004
1619076107030450944,24,0,0.000000,0,0,0,-0.000000,0.000000,0,0,0.000000,0.000000,0,81.910004
1619076107030704128,25,0,0.000000,0,0,0,-0.000000,0.000000,0,0,0.000000,0.000000,0,81.910004
1619076107030704128,26,0,0.750000,0,0,4,0.092502,165.899994,0,0,0.000000,0.000000,0,10.880000
1619076107030953984,27,0,1.000000,0,0,3,0.356047,20.100000,0,0,0.000000,1.550000,1,10.160000
1619076107031453952,28,0,0.250000,0,0,2,0.033161,86.400002,0,0,0.000000,-0.050000,2,10.920000
1619076107031705088,29,0,1.000000,0,0,4,-0.097738,83.400002,0,0,0.000000,0.050000,0,10.880000
1619076107031953920,30,0,0.000000,0,0,0,-0.000000,0.000000,0,0,0.000000,0.000000,0,81.910004
1619076107032205056,31,0,5.750000,0,0,3,0.588176,18.299999,0,0,0.000000,0.650000,1,8.780000
1619076107032453120,32,0,1.000000,0,0,4,0.089012,63.599998,0,0,0.000000,0.150000,0,10.960000
1619076107032706048,33,0,0.000000,0,0,0,-0.000000,0.000000,0,0,0.000000,0.000000,0,81.910004
1619076107032707072,34,0,1.250000,0,0,3,0.005236,161.899994,0,0,0.000000,0.050000,2,10.910000
1619076107032953088,35,0,0.000000,0,0,0,-0.000000,0.000000,0,0,0.000000,0.000000,0,81.910004
1619076107033452032,36,0,-0.750000,0,0,4,-0.171042,39.099998,0,0,0.000000,0.050000,0,10.770000
1619076107033703936,37,0,0.000000,0,0,0,-0.000000,0.000000,0,0,0.000000,0.000000,0,81.910004
1619076107033952000,38,0,-0.500000,0,0,3,0.151844,84.800003,0,0,0.000000,0.200000,2,10.850000
1619076107034204928,39,0,-2.750000,0,0,3,-0.729548,39.700001,0,0,0.000000,0.450000,1,8.050000
1619076107034461952,40,0,0.000000,0,0,0,-0.000000,0.000000,0,0,0.000000,0.000000,0,81.910004
1619076107034703872,41,0,0.000000,0,0,0,-0.000000,0.000000,0,0,0.000000,0.000000,0,81.910004
1619076107034956032,42,0,0.000000,0,0,0,-0.000000,0.000000,0,0,0.000000,0.000000,0,81.910004
1619076107034957056,43,0,1.000000,0,0,3,-0.247837,27.700001,0,0,0.000000,0.800000,1,10.750000
1619076107035454976,44,0,0.000000,0,0,1,0.785398,19.100000,0,0,0.000000,0.000000,1,7.550000
1619076107035705088,45,0,0.000000,0,0,0,-0.000000,0.000000,0,0,0.000000,0.000000,0,81.910004
1619076107035954944,46,0,1.000000,0,0,4,-0.109956,67.099998,0,0,0.000000,0.200000,0,10.920000
1619076107036206080,47,0,0.500000,0,0,3,-0.181514,33.900002,0,0,0.000000,0.550000,3,10.900000
1619076107036453120,48,0,0.000000,0,0,0,-0.000000,0.000000,0,0,0.000000,0.000000,0,81.910004
1619076107036453888,49,0,0.750000,0,0,4,0.190241,65.800003,0,0,0.000000,0.300000,0,10.780000
1619076107036704000,50,0,-0.500000,0,0,3,0.350811,32.900002,0,0,0.000000,0.950000,1,10.390000
1619076107036954880,51,0,0.000000,0,0,0,-0.000000,0.000000,0,0,0.000000,0.000000,0,81.910004
1619076107037452032,52,0,0.000000,0,0,0,-0.000000,0.000000,0,0,0.000000,0.000000,0,81.910004
1619076107037704960,53,0,2.500000,0,0,4,0.020944,132.699997,0,0,0.000000,0.000000,0,10.910000
1619076107037955072,54,0,1.250000,0,0,4,0.015708,142.600006,0,0,0.000000,0.000000,0,10.920000
1619076107038202880,55,0,0.000000,0,0,0,-0.000000,0.000000,0,0,0.000000,0.000000,0,81.910004
1619076107038451968,56,0,0.000000,0,0,0,-0.000000,0.000000,0,0,0.000000,0.000000,0,81.910004
1619076107038728960,57,0,1.000000,0,0,3,0.242601,23.000000,0,0,0.000000,1.200000,1,10.830000
1619076107038729984,58,0,0.500000,0,0,3,-0.027925,43.900002,0,0,0.000000,0.200000,2,10.950000
1619076107038952960,59,0,0.500000,0,0,3,0.101229,101.800003,0,0,0.000000,0.050000,2,10.850000
1619076107039451904,60,0,0.000000,0,0,0,-0.000000,0.000000,0,0,0.000000,0.000000,0,81.910004
1619076107039703040,61,0,2.750000,0,0,3,-0.029671,157.500000,0,0,0.000000,0.000000,2,10.920000
1619076107039952896,62,0,1.000000,0,0,3,0.087266,108.699997,0,0,0.000000,0.150000,2,10.890000
1619076107040204032,63,0,1.750000,0,0,3,0.698132,33.000000,0,0,0.000000,0.500000,1,8.270000
1619076107074448896,0,0,0.000000,0,0,1,0.410152,38.500000,0,0,0.000000,0.000000,1,9.980000
1619076107074724096,1,0,0.500000,0,0,4,0.010472,189.500000,0,0,0.000000,0.000000,0,10.930000
1619076107074951936,2,0,0.500000,0,0,3,0.143117,36.000000,0,0,0.000000,0.450000,3,10.900000
1619076107075197952,3,0,1.000000,0,0,3,0.109956,94.500000,0,0,0.000000,0.200000,2,10.830000
1619076107075450112,4,0,0.000000,0,0,0,-0.000000,0.000000,0,0,0.000000,0.000000,0,81.910004
1619076107075700992,5,0,-1.250000,0,0,4,-0.534071,50.700001,0,0,0.000000,1.400000,0,9.570000
1619076107075950080,6,0,0.250000,0,0,3,0.064577,35.799999,0,0,0.000000,1.650000,3,2.640000
1619076107076236032,7,0,1.000000,0,0,3,-0.003491,118.800003,0,0,0.000000,0.000000,2,10.920000
1619076107076453120,8,0,2.500000,0,0,4,-0.144862,49.599998,0,0,0.000000,-0.250000,0,10.480000
1619076107076723968,9,0,0.000000,0,0,0,-0.000000,0.000000,0,0,0.000000,0.000000,0,81.910004
1619076107076723968,10,0,0.000000,0,0,3,0.263545,50.000000,0,0,0.000000,0.450000,1,10.550000
1619076107076954112,11,0,0.000000,0,0,0,-0.000000,0.000000,0,0,0.000000,0.000000,0,81.910004
1619076107077452032,12,0,0.000000,0,0,0,-0.000000,0.000000,0,0,0.000000,0.000000,0,81.910004
1619076107077705984,13,0,1.250000,0,0,4,-0.089012,103.800003,0,0,0.000000,0.050000,0,10.800000
1619076107077953024,14,0,0.500000,0,0,3,-0.486947,36.799999,0,0,0.000000,1.450000,1,9.670000
1619076107078200064,15,0,0.000000,0,0,0,-0.000000,0.000000,0,0,0.000000,0.000000,0,81.910004
1619076107078481920,16,0,2.250000,0,0,4,-0.073304,143.300003,0,0,0.000000,0.000000,0,10.850000
1619076107078725888,17,0,0.000000,0,0,0,-0.000000,0.000000,0,0,0.000000,0.000000,0,81.910004
1619076107078974976,18,0,0.000000,0,0,0,-0.000000,0.000000,0,0,0.000000,0.000000,0,81.910004
1619076107079203072,19,0,0.000000,0,0,0,-0.000000,0.000000,0,0,0.000000,0.000000,0,81.910004
1619076107079489024,20,0,0.750000,0,0,4,0.015708,108.400002,0,0,0.000000,0.050000,0,10.890000
1619076107079749888,21,0,-2.750000,0,0,3,0.137881,79.599998,0,0,0.000000,0.000000,2,10.800000
1619076107079979008,22,0,1.500000,0,0,4,-0.075049,132.899994,0,0,0.000000,0.000000,0,10.920000
1619076107080231936,23,0,0.000000,0,0,0,-0.000000,0.000000,0,0,0.000000,0.000000,0,81.910004
1619076107080450048,24,0,0.000000,0,0,0,-0.000000,0.000000,0,0,0.000000,0.000000,0,81.910004
1619076107080724992,25,0,0.000000,0,0,0,-0.000000,0.000000,0,0,0.000000,0.000000,0,81.910004
1619076107080724992,26,0,0.750000,0,0,4,0.092502,166.500000,0,0,0.000000,0.000000,0,10.880000
1619076107080952064,27,0,0.250000,0,0,3,0.350811,20.600000,0,0,0.000000,1.400000,1,10.190000
1619076107081451008,28,0,1.000000,0,0,2,0.033161,87.000000,0,0,0.000000,-0.050000,2,10.890000
1619076107081748992,29,0,1.000000,0,0,4,-0.097738,83.900002,0,0,0.000000,0.050000,0,10.880000
1619076107081950976,30,0,0.000000,0,0,1,-0.047124,118.599998,0,0,0.000000,0.000000,2,10.900000
1619076107082224896,31,0,6.500000,0,0,3,0.541052,18.700001,0,0,0.000000,1.150000,1,8.970000
1619076107082225920,32,0,1.000000,0,0,4,0.089012,64.099998,0,0,0.000000,0.150000,0,10.960000
1619076107082452992,33,0,0.000000,0,0,0,-0.000000,0.000000,0,0,0.000000,0.000000,0,81.910004
1619076107082723072,34,0,1.250000,0,0,4,0.005236,162.500000,0,0,0.000000,0.050000,0,10.910000
1619076107082985984,35,0,0.000000,0,0,0,-0.000000,0.000000,0,0,0.000000,0.000000,0,81.910004
1619076107083449088,36,0,-0.750000,0,0,4,-0.167552,39.700001,0,0,0.000000,0.050000,0,10.770000
1619076107083723008,37,0,0.000000,0,0,0,-0.000000,0.000000,0,0,0.000000,0.000000,0,81.910004
1619076107084001024,38,0,-0.750000,0,0,3,0.151844,85.300003,0,0,0.000000,0.200000,2,10.840000
1619076107084198912,39,0,-3.000000,0,0,3,-0.710349,40.099998,0,0,0.000000,0.650000,1,8.130000
1619076107084457984,40,0,0.000000,0,0,0,-0.000000,0.000000,0,0,0.000000,0.000000,0,81.910004
1619076107084722944,41,0,0.000000,0,0,0,-0.000000,0.000000,0,0,0.000000,0.000000,0,81.910004
1619076107084723968,42,0,0.000000,0,0,1,-0.132645,118.599998,0,0,0.000000,0.000000,2,10.900000
1619076107084954880,43,0,1.000000,0,0,3,-0.246091,28.299999,0,0,0.000000,0.800000,1,10.730000
1619076107085449984,44,0,0.750000,0,0,2,0.815069,19.500000,0,0,0.000000,0.000000,1,7.600000
1619076107085721088,45,0,0.000000,0,0,0,-0.000000,0.000000,0,0,0.000000,0.000000,0,81.910004
1619076107085950976,46,0,1.000000,0,0,4,-0.108210,67.699997,0,0,0.000000,0.200000,0,10.920000
1619076107086202880,47,0,0.500000,0,0,3,-0.178024,34.799999,0,0,0.000000,0.550000,3,10.900000
1619076107086493952,48,0,0.000000,0,0,0,-0.000000,0.000000,0,0,0.000000,0.000000,0,81.910004
1619076107086494976,49,0,0.750000,0,0,3,0.186750,66.699997,0,0,0.000000,0.300000,2,10.780000
1619076107086723072,50,0,-0.250000,0,0,3,0.329867,33.500000,0,0,0.000000,0.950000,1,10.440000
1619076107086979072,51,0,0.000000,0,0,0,-0.000000,0.000000,0,0,0.000000,0.000000,0,81.910004
1619076107087450112,52,0,0.000000,0,0,1,-0.054105,161.300003,0,0,0.000000,0.000000,2,10.880000
1619076107087723008,53,0,2.500000,0,0,4,0.020944,133.300003,0,0,0.000000,0.000000,0,10.910000
1619076107087977984,54,0,0.500000,0,0,3,0.015708,143.100006,0,0,0.000000,0.000000,2,10.920000
1619076107088205056,55,0,0.000000,0,0,0,-0.000000,0.000000,0,0,0.000000,0.000000,0,81.910004
1619076107088453120,56,0,0.000000,0,0,1,0.036652,166.399994,0,0,0.000000,0.000000,2,10.900000
1619076107088727040,57,0,0.750000,0,0,3,0.239110,23.500000,0,0,0.000000,1.200000,1,10.800000
1619076107088728064,58,0,0.500000,0,0,3,-0.027925,44.400002,0,0,0.000000,0.200000,2,10.950000
1619076107088975872,59,0,0.500000,0,0,3,0.099484,102.300003,0,0,0.000000,0.050000,2,10.850000
1619076107089452032,60,0,0.000000,0,0,0,-0.000000,0.000000,0,0,0.000000,0.000000,0,81.910004
1619076107089723904,61,0,3.000000,0,0,3,-0.029671,158.000000,0,0,0.000000,0.000000,2,10.920000
1619076107089974016,62,0,1.000000,0,0,3,0.087266,109.199997,0,0,0.000000,0.150000,2,10.880000
1619076107090202112,63,0,1.750000,0,0,3,0.687660,33.400002,0,0,0.000000,0.650000,1,8.340000
1619076107124474880,0,0,0.750000,0,0,2,0.422370,38.900002,0,0,0.000000,0.000000,1,10.000000
1619076107124724992,1,0,0.500000,0,0,4,0.010472,190.100006,0,0,0.000000,0.000000,0,10.930000
1619076107124976128,2,0,0.500000,0,0,3,0.143117,36.400002,0,0,0.000000,0.450000,3,10.900000
1619076107125241088,3,0,1.000000,0,0,3,0.108210,95.000000,0,0,0.000000,0.200000,2,10.830000
1619076107125474048,4,0,0.000000,0,0,1,0.071558,34.799999,0,0,0.000000,0.000000,1,10.810000
1619076107125722880,5,0,-3.500000,0,0,3,-0.514872,51.099998,0,0,0.000000,1.400000,1,9.630000
1619076107125974016,6,0,0.250000,0,0,3,0.062832,36.000000,0,0,0.000000,1.600000,3,2.700000
1619076107126224896,7,0,1.000000,0,0,3,-0.003491,119.400002,0,0,0.000000,0.000000,2,10.920000
1619076107126224896,8,0,2.500000,0,0,4,-0.144862,50.099998,0,0,0.000000,-0.250000,0,10.460000
1619076107126476032,9,0,0.000000,0,0,0,-0.000000,0.000000,0,0,0.000000,0.000000,0,81.910004
1619076107126723072,10,0,0.000000,0,0,4,0.260054,50.599998,0,0,0.000000,0.450000,0,10.570000
1619076107126976000,11,0,0.000000,0,0,0,-0.000000,0.000000,0,0,0.000000,0.000000,0,81.910004
1619076107127473920,12,0,0.000000,0,0,0,-0.000000,0.000000,0,0,0.000000,0.000000,0,81.910004
1619076107127721984,13,0,1.250000,0,0,4,-0.089012,104.300003,0,0,0.000000,0.050000,0,10.800000
1619076107127973888,14,0,0.250000,0,0,3,-0.481711,37.299999,0,0,0.000000,1.400000,1,9.710000
1619076107128221952,15,0,0.000000,0,0,0,-0.000000,0.000000,0,0,0.000000,0.000000,0,81.910004
1619076107128472064,16,0,2.250000,0,0,4,-0.073304,143.800003,0,0,0.000000,0.000000,0,10.850000
1619076107128721920,17,0,0.000000,0,0,0,-0.000000,0.000000,0,0,0.000000,0.000000,0,81.910004
1619076107128972032,18,0,0.000000,0,0,0,-0.000000,0.000000,0,0,0.000000,0.000000,0,81.910004
1619076107129222912,19,0,0.000000,0,0,0,-0.000000,0.000000,0,0,0.000000,0.000000,0,81.910004
1619076107129470976,20,0,0.750000,0,0,4,0.015708,108.900002,0,0,0.000000,0.050000,0,10.890000
1619076107129721088,21,0,-1.750000,0,0,3,0.136136,80.099998,0,0,0.000000,0.000000,2,10.800000
1619076107129971968,22,0,1.500000,0,0,4,-0.075049,133.500000,0,0,0.000000,0.000000,0,10.920000
1619076107130223104,23,0,0.000000,0,0,0,-0.000000,0.000000,0,0,0.000000,0.000000,0,81.910004
1619076107130472960,24,0,0.000000,0,0,0,-0.000000,0.000000,0,0,0.000000,0.000000,0,81.910004
1619076107130472960,25,0,0.000000,0,0,0,-0.000000,0.000000,0,0,0.000000,0.000000,0,81.910004
1619076107130721024,26,0,0.750000,0,0,4,0.090757,167.000000,0,0,0.000000,0.000000,0,10.880000
1619076107130974976,27,0,-0.250000,0,0,3,0.363028,21.100000,0,0,0.000000,1.300000,1,10.210000
1619076107131471872,28,0,3.250000,0,0,3,0.031416,87.500000,0,0,0.000000,-0.050000,2,10.880000
1619076107131719936,29,0,1.000000,0,0,4,-0.097738,84.500000,0,0,0.000000,0.050000,0,10.880000
1619076107131973120,30,0,-1.500000,0,0,2,-0.041888,119.099998,0,0,0.000000,0.000000,2,10.900000
1619076107131973888,31,0,4.750000,0,0,3,0.542797,19.299999,0,0,0.000000,1.300000,1,9.070000
1619076107132222976,32,0,1.000000,0,0,4,0.089012,64.599998,0,0,0.000000,0.150000,0,10.960000
1619076107132474880,33,0,0.000000,0,0,0,-0.000000,0.000000,0,0,0.000000,0.000000,0,81.910004
1619076107132721920,34,0,-0.250000,0,0,3,0.006981,163.399994,0,0,0.000000,0.050000,2,10.910000
1619076107132975104,35,0,0.000000,0,0,0,-0.000000,0.000000,0,0,0.000000,0.000000,0,81.910004
1619076107133472000,36,0,-0.750000,0,0,4,-0.165806,40.200001,0,0,0.000000,0.050000,0,10.770000
1619076107133722880,37,0,0.000000,0,0,0,-0.000000,0.000000,0,0,0.000000,0.000000,0,81.910004
1619076107133971968,38,0,-1.000000,0,0,3,0.153589,85.900002,0,0,0.000000,0.150000,2,10.830000
1619076107134223104,39,0,-3.000000,0,0,3,-0.699877,40.500000,0,0,0.000000,0.800000,1,8.200000
1619076107134473984,40,0,0.000000,0,0,0,-0.000000,0.000000,0,0,0.000000,0.000000,0,81.910004
1619076107134473984,41,0,0.000000,0,0,0,-0.000000,0.000000,0,0,0.000000,0.000000,0,81.910004
1619076107134722048,42,0,-0.250000,0,0,2,-0.132645,119.099998,0,0,0.000000,0.000000,2,10.900000
1619076107134972928,43,0,1.000000,0,0,3,-0.242601,28.799999,0,0,0.000000,0.650000,1,10.710000
1619076107135472128,44,0,1.250000,0,0,2,0.790634,19.799999,0,0,0.000000,0.050000,1,7.680000
1619076107135720960,45,0,0.000000,0,0,1,-0.108210,34.799999,0,0,0.000000,0.000000,1,10.810000
