2021-10-26-16-21-29-468 0.999999487 0.000000001 0.000000005 0.000000000 0.000000001 1.000000458 0.000000061 0.000000000 0.000000005 0.000000061 1.000000354 0.000000000
2021-10-26-16-21-29-568 0.999999487 -0.000016799 0.000011083 0.000086150 0.000016801 1.000000457 0.000002765 -0.000044056 -0.000011073 -0.000002643 1.000000354 -0.000057432
2021-10-26-16-21-29-668 0.999999486 -0.000030950 0.000017494 0.000149598 0.000030953 1.000000457 0.000001618 -0.000081122 -0.000017486 -0.000001495 1.000000353 -0.000108566
2021-10-26-16-21-29-768 0.999999487 -0.000026525 0.000013749 0.000168331 0.000026526 1.000000457 0.000020940 -0.000118806 -0.000013739 -0.000020816 1.000000353 -0.000121137
2021-10-26-16-21-29-868 0.999999486 -0.000027556 0.000027000 0.000221277 0.000027556 1.000000456 0.000025740 -0.000156440 -0.000026992 -0.000025616 1.000000353 -0.000150710
2021-10-26-16-21-29-969 0.999999487 -0.000036470 0.000023235 0.000234609 0.000036471 1.000000456 0.000028331 -0.000172442 -0.000023227 -0.000028207 1.000000353 -0.000132037
2021-10-26-16-21-30-069 0.999999485 0.000032281 0.000065063 0.000299835 -0.000032287 1.000000452 0.000103572 -0.000194594 -0.000065051 -0.000103451 1.000000347 -0.000212796
2021-10-26-16-21-30-169 0.999999485 0.000026849 0.000057538 0.000285176 -0.000026853 1.000000451 0.000105360 -0.000225432 -0.000057525 -0.000105238 1.000000347 -0.000268844
2021-10-26-16-21-30-269 0.999999484 0.000026782 0.000074307 0.000341075 -0.000026787 1.000000451 0.000105466 -0.000226351 -0.000074295 -0.000105345 1.000000345 -0.000327082
2021-10-26-16-21-30-369 0.999999485 0.000018866 0.000063211 0.000309279 -0.000018872 1.000000452 0.000107897 -0.000208814 -0.000063200 -0.000107775 1.000000346 -0.000348987
2021-10-26-16-21-30-469 0.999999485 0.000023991 0.000040538 0.000226817 -0.000023992 1.000000453 0.000079541 -0.000243505 -0.000040526 -0.000079419 1.000000351 -0.000372567
2021-10-26-16-21-30-569 0.999999483 0.000029820 0.000074011 0.000299807 -0.000029825 1.000000452 0.000087483 -0.000175062 -0.000073999 -0.000087362 1.000000348 -0.000371634
2021-10-26-16-21-30-669 0.999999482 0.000019327 0.000092737 0.000360857 -0.000019333 1.000000453 0.000088755 -0.000049874 -0.000092726 -0.000088633 1.000000347 -0.000346193
2021-10-26-16-21-30-769 0.999999485 0.000011794 0.000067339 0.000270016 -0.000011796 1.000000455 0.000071262 0.000037242 -0.000067329 -0.000071139 1.000000349 -0.000320360
2021-10-26-16-21-30-869 0.999999486 0.000007385 0.000050496 0.000226237 -0.000007386 1.000000456 0.000057071 0.000111997 -0.000050486 -0.000056949 1.000000351 -0.000300495
2021-10-26-16-21-30-969 0.999999485 0.000012474 0.000066419 0.000283046 -0.000012475 1.000000456 0.000058204 0.000279633 -0.000066408 -0.000058082 1.000000350 -0.000268782
2021-10-26-16-21-31-069 0.999999483 0.000023427 0.000089593 0.000231027 -0.000023422 1.000000456 -0.000035038 0.000218006 -0.000089584 0.000035159 1.000000350 -0.000376795
2021-10-26-16-21-31-169 0.999999484 0.000033704 0.000059780 0.000064344 -0.000033699 1.000000455 -0.000049985 0.000064582 -0.000059772 0.000050106 1.000000351 -0.000541794
2021-10-26-16-21-31-269 0.999999484 0.000021302 0.000067245 0.000037159 -0.000021298 1.000000456 -0.000036391 -0.000009872 -0.000067236 0.000036512 1.000000351 -0.000686327
2021-10-26-16-21-31-369 0.999999484 0.000008756 0.000078681 -0.000002092 -0.000008751 1.000000456 -0.000029550 -0.000070807 -0.000078673 0.000029672 1.000000350 -0.000833433
2021-10-26-16-21-31-469 0.999999485 0.000008138 0.000069123 -0.000151413 -0.000008135 1.000000457 -0.000028136 -0.000171009 -0.000069114 0.000028259 1.000000351 -0.000976283
2021-10-26-16-21-31-569 0.999999485 0.000008630 0.000069369 -0.000223479 -0.000008626 1.000000457 -0.000041725 -0.000304277 -0.000069361 0.000041848 1.000000351 -0.001083071
2021-10-26-16-21-31-669 0.999999483 -0.000009577 0.000082717 -0.000254186 0.000009584 1.000000455 -0.000061000 -0.000422937 -0.000082706 0.000061124 1.000000349 -0.001182522
2021-10-26-16-21-31-770 0.999999485 0.000002326 0.000069665 -0.000386879 -0.000002321 1.000000457 -0.000031332 -0.000459883 -0.000069655 0.000031454 1.000000351 -0.001254188
2021-10-26-16-21-31-870 0.999999484 -0.000018153 0.000058984 -0.000499148 0.000018156 1.000000457 -0.000022244 -0.000521889 -0.000058973 0.000022367 1.000000353 -0.001318222
2021-10-26-16-21-31-970 0.999999484 -0.000027802 0.000072379 -0.000516427 0.000027806 1.000000457 -0.000021152 -0.000614993 -0.000072369 0.000021278 1.000000351 -0.001326769
2021-10-26-16-21-32-070 0.999999484 0.000015341 0.000074019 -0.000580023 -0.000015339 1.000000458 0.000003095 -0.000743908 -0.000074009 -0.000002973 1.000000351 -0.001399913
2021-10-26-16-21-32-170 0.999999485 0.000010228 0.000070478 -0.000657938 -0.000010230 1.000000457 0.000045658 -0.000729753 -0.000070469 -0.000045535 1.000000351 -0.001574869
2021-10-26-16-21-32-270 0.999999483 0.000001177 0.000092180 -0.000656559 -0.000001180 1.000000456 0.000050704 -0.000769861 -0.000092171 -0.000050582 1.000000349 -0.001741859
2021-10-26-16-21-32-370 0.999999482 0.000004596 0.000100129 -0.000678752 -0.000004600 1.000000456 0.000046364 -0.000838898 -0.000100118 -0.000046241 1.000000347 -0.001861314
2021-10-26-16-21-32-470 0.999999484 -0.000008401 0.000085182 -0.000787723 0.000008402 1.000000458 0.000019280 -0.000895657 -0.000085172 -0.000019158 1.000000350 -0.001987578
2021-10-26-16-21-32-570 0.999999482 -0.000002173 0.000097816 -0.000834053 0.000002169 1.000000456 0.000049243 -0.000813462 -0.000097807 -0.000049120 1.000000348 -0.002140397
2021-10-26-16-21-32-670 0.999999479 -0.000002248 0.000126060 -0.000842445 0.000002243 1.000000456 0.000050552 -0.000781112 -0.000126050 -0.000050429 1.000000345 -0.002279515
2021-10-26-16-21-32-770 0.999999478 -0.000002630 0.000132427 -0.000918047 0.000002628 1.000000457 0.000032236 -0.000754702 -0.000132417 -0.000032111 1.000000344 -0.002410377
2021-10-26-16-21-32-870 0.999999477 -0.000007525 0.000133684 -0.001021719 0.000007521 1.000000456 0.000038614 -0.000619668 -0.000133674 -0.000038489 1.000000344 -0.002507054
2021-10-26-16-21-32-970 0.999999479 -0.000023275 0.000125620 -0.001143027 0.000023274 1.000000457 0.000027922 -0.000454649 -0.000125611 -0.000027795 1.000000346 -0.002590917
2021-10-26-16-21-33-070 0.999999483 0.000017033 0.000084307 -0.001174627 -0.000017024 1.000000455 -0.000070072 -0.000581462 -0.000084297 0.000070195 1.000000348 -0.002620857
2021-10-26-16-21-33-170 0.999999484 0.000024846 0.000092838 -0.000935871 -0.000024833 1.000000450 -0.000116176 -0.000742222 -0.000092831 0.000116297 1.000000343 -0.002643031
2021-10-26-16-21-33-270 0.999999482 0.000017488 0.000102309 -0.000720150 -0.000017477 1.000000454 -0.000088046 -0.000755064 -0.000102302 0.000088167 1.000000345 -0.002759928
2021-10-26-16-21-33-371 0.999999484 -0.000008037 0.000079537 -0.000629865 0.000008037 1.000000457 0.000020255 -0.000538072 -0.000079528 -0.000020131 1.000000350 -0.002749132
2021-10-26-16-21-33-471 0.999999485 0.000005242 0.000077342 -0.000453714 -0.000005237 1.000000457 -0.000038012 -0.000712925 -0.000077334 0.000038134 1.000000350 -0.002791779
2021-10-26-16-21-33-571 0.999999484 0.000017880 0.000084860 -0.000210684 -0.000017870 1.000000453 -0.000091631 -0.000939996 -0.000084852 0.000091753 1.000000346 -0.002827121
2021-10-26-16-21-33-671 0.999999484 -0.000002145 0.000077817 -0.000034675 0.000002150 1.000000457 -0.000027588 -0.000771986 -0.000077807 0.000027711 1.000000350 -0.002784685
2021-10-26-16-21-33-771 0.999999486 -0.000004774 0.000053728 0.000079355 0.000004776 1.000000456 -0.000008790 -0.000710908 -0.000053719 0.000008913 1.000000352 -0.002825326
2021-10-26-16-21-33-871 0.999999484 0.000006838 0.000069209 0.000336770 -0.000006832 1.000000456 -0.000044312 -0.000852903 -0.000069199 0.000044434 1.000000351 -0.002816155
2021-10-26-16-21-33-971 0.999999483 0.000008625 0.000082880 0.000554060 -0.000008619 1.000000455 -0.000058638 -0.000858436 -0.000082870 0.000058761 1.000000349 -0.002770406
2021-10-26-16-21-34-071 0.999999486 -0.000005909 0.000045841 0.000627206 0.000005919 1.000000443 -0.000168718 -0.000933515 -0.000045831 0.000168841 1.000000339 -0.002749322
2021-10-26-16-21-34-171 0.999999486 -0.000023893 0.000037901 0.000693996 0.000023903 1.000000438 -0.000196366 -0.000900044 -0.000037887 0.000196491 1.000000334 -0.002729128
2021-10-26-16-21-34-271 0.999999486 -0.000029588 0.000033273 0.000828620 0.000029599 1.000000424 -0.000255918 -0.000994849 -0.000033256 0.000256042 1.000000321 -0.002682059
2021-10-26-16-21-34-371 0.999999486 -0.000039177 0.000032333 0.000931997 0.000039188 1.000000418 -0.000278784 -0.000976566 -0.000032312 0.000278908 1.000000314 -0.002690337
2021-10-26-16-21-34-471 0.999999486 -0.000051330 0.000020749 0.000945219 0.000051338 1.000000422 -0.000259029 -0.000787693 -0.000020726 0.000259153 1.000000320 -0.002688543
2021-10-26-16-21-34-571 0.999999485 -0.000060103 -0.000009649 0.000961441 0.000060102 1.000000420 -0.000265341 -0.000731208 0.000009677 0.000265464 1.000000319 -0.002691418
2021-10-26-16-21-34-671 0.999999485 -0.000064630 0.000009569 0.001113107 0.000064634 1.000000411 -0.000298723 -0.000699389 -0.000009540 0.000298846 1.000000309 -0.002704267
2021-10-26-16-21-34-772 0.999999483 -0.000074207 0.000032769 0.001297860 0.000074217 1.000000418 -0.000268216 -0.000531996 -0.000032738 0.000268341 1.000000317 -0.002652090
2021-10-26-16-21-34-872 0.999999483 -0.000086724 0.000013779 0.001358757 0.000086729 1.000000427 -0.000230893 -0.000324105 -0.000013748 0.000231017 1.000000328 -0.002634710
2021-10-26-16-21-34-972 0.999999483 -0.000086712 -0.000028406 0.001290166 0.000086706 1.000000420 -0.000258576 -0.000319701 0.000028439 0.000258695 1.000000320 -0.002587261
2021-10-26-16-21-35-072 0.999999486 -0.000046526 -0.000028226 0.001371587 0.000046523 1.000000442 -0.000167336 -0.000209319 0.000028244 0.000167458 1.000000340 -0.002605365
2021-10-26-16-21-35-172 0.999999485 -0.000053038 -0.000013154 0.001443760 0.000053038 1.000000447 -0.000134907 -0.000107338 0.000013171 0.000135030 1.000000345 -0.002745899
2021-10-26-16-21-35-272 0.999999486 -0.000055176 -0.000015670 0.001463474 0.000055176 1.000000438 -0.000189207 -0.000225383 0.000015691 0.000189329 1.000000336 -0.002833373
2021-10-26-16-21-35-372 0.999999484 -0.000049371 -0.000050919 0.001393137 0.000049362 1.000000435 -0.000203122 -0.000195954 0.000050938 0.000203244 1.000000332 -0.002894696
2021-10-26-16-21-35-472 0.999999482 -0.000070271 -0.000067950 0.001394251 0.000070262 1.000000442 -0.000166339 -0.000040479 0.000067971 0.000166457 1.000000337 -0.003020477
2021-10-26-16-21-35-572 0.999999485 -0.000055534 -0.000035814 0.001480271 0.000055531 1.000000441 -0.000172306 -0.000003102 0.000035835 0.000172428 1.000000339 -0.003110993
2021-10-26-16-21-35-672 0.999999483 -0.000051221 -0.000083084 0.001315009 0.000051207 1.000000437 -0.000192284 -0.000022133 0.000083104 0.000192402 1.000000332 -0.003185139
2021-10-26-16-21-35-772 0.999999483 -0.000061742 -0.000076422 0.001262573 0.000061731 1.000000444 -0.000148503 0.000161100 0.000076440 0.000148622 1.000000340 -0.003329904
2021-10-26-16-21-35-872 0.999999484 -0.000065157 -0.000052071 0.001216272 0.000065150 1.000000443 -0.000156612 0.000219950 0.000052092 0.000156732 1.000000340 -0.003522260
2021-10-26-16-21-35-972 0.999999482 -0.000054822 -0.000089084 0.001039732 0.000054808 1.000000438 -0.000188042 0.000192806 0.000089103 0.000188161 1.000000333 -0.003639039
2021-10-26-16-21-36-072 0.999999484 -0.000067586 0.000058369 0.001164670 0.000067603 1.000000422 -0.000258896 0.000179678 -0.000058342 0.000259023 1.000000319 -0.003880975
2021-10-26-16-21-36-172 0.999999484 -0.000060453 0.000052576 0.001228110 0.000060467 1.000000430 -0.000226037 0.000145917 -0.000052553 0.000226164 1.000000327 -0.003874035
2021-10-26-16-21-36-272 0.999999481 -0.000070420 0.000081084 0.001219631 0.000070442 1.000000422 -0.000254494 0.000035979 -0.000081056 0.000254622 1.000000319 -0.003811517
2021-10-26-16-21-36-372 0.999999485 -0.000065490 0.000022170 0.001014312 0.000065497 1.000000427 -0.000234154 0.000051750 -0.000022145 0.000234279 1.000000326 -0.003775209
2021-10-26-16-21-36-472 0.999999482 -0.000059030 0.000090282 0.001224638 0.000059058 1.000000413 -0.000287681 -0.000042839 -0.000090256 0.000287810 1.000000309 -0.003794678
2021-10-26-16-21-36-573 0.999999474 -0.000096332 0.000130986 0.001559569 0.000096369 1.000000418 -0.000262509 0.000067432 -0.000130950 0.000262644 1.000000310 -0.003755408
2021-10-26-16-21-36-673 0.999999478 -0.000080664 0.000118549 0.001340398 0.000080696 1.000000422 -0.000251324 0.000162295 -0.000118519 0.000251457 1.000000316 -0.003785584
2021-10-26-16-21-36-773 0.999999455 -0.000052775 -0.000245870 0.001453304 0.000052709 1.000000418 -0.000272817 0.000238521 0.000245894 0.000272928 1.000000287 -0.003968562
2021-10-26-16-21-36-873 0.999999020 -0.000072277 -0.000964073 0.003908486 0.000072088 1.000000435 -0.000197648 0.000420470 0.000964097 0.000197701 0.999999869 -0.004534596
2021-10-26-16-21-36-973 0.999997332 -0.000106434 -0.002072991 0.010879028 0.000106128 1.000000441 -0.000148696 0.000714512 0.002073016 0.000148599 0.999998195 -0.005325759
2021-10-26-16-21-37-072 0.999994340 -0.000051638 -0.003208256 0.025502315 0.000051941 1.000000451 0.000094188 0.001215647 0.003208261 -0.000094231 0.999995203 -0.005894238
2021-10-26-16-21-37-173 0.999991722 -0.000068513 -0.003940270 0.049561963 0.000069029 1.000000446 0.000130443 0.001231193 0.003940271 -0.000130590 0.999992583 -0.006166138
2021-10-26-16-21-37-273 0.999990271 -0.000040328 -0.004292968 0.083502679 0.000040829 1.000000450 0.000116621 0.001073834 0.004292972 -0.000116671 0.999991132 -0.006369449
2021-10-26-16-21-37-373 0.999989049 0.000093920 -0.004567965 0.126539136 -0.000093171 1.000000440 0.000163623 0.001021880 0.004567991 -0.000163072 0.999989908 -0.006774032
2021-10-26-16-21-37-473 0.999987943 0.000140902 -0.004803003 0.179263345 -0.000139840 1.000000422 0.000221129 0.000987025 0.004803044 -0.000220331 0.999988795 -0.007392204
2021-10-26-16-21-37-573 0.999986392 0.000258258 -0.005111111 0.243273487 -0.000257080 1.000000398 0.000230671 0.000745989 0.005111181 -0.000229231 0.999987265 -0.008307914
2021-10-26-16-21-37-673 0.999984546 0.000458410 -0.005447142 0.316855482 -0.000457227 1.000000329 0.000217971 0.000308196 0.005447251 -0.000215353 0.999985494 -0.009407883
2021-10-26-16-21-37-773 0.999983056 0.000648170 -0.005695758 0.403568672 -0.000647090 1.000000229 0.000191153 -0.000155234 0.005695890 -0.000187341 0.999984114 -0.010607453
2021-10-26-16-21-37-873 0.999982067 0.000936647 -0.005827631 0.500870557 -0.000934748 0.999999966 0.000328266 -0.000448078 0.005827945 -0.000322690 0.999983319 -0.011764493
2021-10-26-16-21-37-973 0.999980492 0.001390783 -0.006004541 0.609296833 -0.001387351 0.999999329 0.000575370 -0.000502659 0.006005345 -0.000566907 0.999982160 -0.013109586
2021-10-26-16-21-38-073 0.999978879 0.001667809 -0.006199556 0.731132168 -0.001662087 0.999998646 0.000927996 -0.000631688 0.006201102 -0.000917550 0.999980706 -0.014489848
2021-10-26-16-21-38-173 0.999978578 0.001560324 -0.006275706 0.861856730 -0.001556041 0.999999010 0.000687079 -0.001850469 0.006276779 -0.000677176 0.999980425 -0.015669227
2021-10-26-16-21-38-273 0.999977240 0.001379229 -0.006526129 1.006829550 -0.001378631 0.999999502 0.000095927 -0.003872888 0.006526264 -0.000086804 0.999979054 -0.016858052
2021-10-26-16-21-38-374 0.999976467 0.001166537 -0.006684272 1.163571269 -0.001169337 0.999999687 -0.000415246 -0.005576287 0.006683793 0.000423176 0.999977928 -0.018550737
2021-10-26-16-21-38-474 0.999976548 0.000610758 -0.006745678 1.331056267 -0.000611643 1.000000262 -0.000129345 -0.005508429 0.006745608 0.000133591 0.999977594 -0.020292006
2021-10-26-16-21-38-573 0.999976949 -0.000039842 -0.006713674 1.512026859 0.000038471 1.000000436 -0.000204596 -0.005212811 0.006713691 0.000204456 0.999977796 -0.021817520
2021-10-26-16-21-38-673 0.999975132 -0.000586693 -0.006954561 1.703262420 0.000586559 1.000000284 -0.000021690 -0.004442866 0.006954581 0.000017733 0.999976170 -0.024019092
2021-10-26-16-21-38-773 0.999975960 -0.001710207 -0.006642982 1.910106556 0.001706777 0.999998865 -0.000522128 -0.004563720 0.006643875 0.000510901 0.999978153 -0.026473553
2021-10-26-16-21-38-873 0.999979462 -0.003355451 -0.005365461 2.122820528 0.003348785 0.999994068 -0.001251124 -0.004391994 0.005369635 0.001233255 0.999985177 -0.028816389
2021-10-26-16-21-38-974 0.999974397 -0.005599568 -0.004338756 2.341983398 0.005592354 0.999983419 -0.001673446 -0.002188115 0.004348062 0.001649264 0.999989542 -0.031124406
2021-10-26-16-21-39-074 0.999953900 -0.008730962 -0.003865617 2.565762227 0.008724484 0.999960970 -0.001689976 0.002043994 0.003880230 0.001656296 0.999991454 -0.033711266
2021-10-26-16-21-39-174 0.999904177 -0.013230856 -0.003944062 2.787765124 0.013224089 0.999911505 -0.001737428 0.008530788 0.003966708 0.001685229 0.999991067 -0.036894115
2021-10-26-16-21-39-274 0.999812284 -0.018936068 -0.003974512 3.017893625 0.018929156 0.999819718 -0.001769749 0.017502588 0.004007317 0.001694307 0.999990890 -0.040234401
2021-10-26-16-21-39-374 0.999658166 -0.025840805 -0.003844095 3.248377295 0.025832165 0.999664149 -0.002281038 0.028348508 0.003901757 0.002181081 0.999990364 -0.043489113
2021-10-26-16-21-39-474 0.999416402 -0.033869400 -0.004323781 3.480971592 0.033858290 0.999423673 -0.002617496 0.042691962 0.004409952 0.002469697 0.999987581 -0.046800352
2021-10-26-16-21-39-574 0.999058021 -0.043162581 -0.004363289 3.721528772 0.043149636 0.999064515 -0.003019216 0.060735955 0.004489534 0.002828222 0.999986277 -0.050616543
2021-10-26-16-21-39-674 0.998574526 -0.053255946 -0.003420287 3.962295206 0.053245508 0.998577177 -0.003074166 0.082608391 0.003579149 0.002887793 0.999989780 -0.054923817
2021-10-26-16-21-39-774 0.997919535 -0.064379884 -0.003287927 4.210218026 0.064370330 0.997922222 -0.002934261 0.108922151 0.003470015 0.002716635 0.999990643 -0.059427361
2021-10-26-16-21-39-874 0.997090699 -0.076144915 -0.003327289 4.457325609 0.076133685 0.997092342 -0.003381226 0.137825870 0.003575090 0.003118194 0.999989102 -0.063070293
2021-10-26-16-21-39-974 0.996025928 -0.089005319 -0.003063540 4.707514301 0.088992958 0.996024839 -0.003959841 0.170689519 0.003403822 0.003671595 0.999987820 -0.066053377
2021-10-26-16-21-40-074 0.994654367 -0.103217149 -0.002809671 4.964638294 0.103201714 0.994647439 -0.005175031 0.208257737 0.003328797 0.004857528 0.999983016 -0.069540444
2021-10-26-16-21-40-174 0.992900088 -0.118907932 -0.003050376 5.218890384 0.118887478 0.992888918 -0.006185855 0.251008668 0.003764248 0.005779409 0.999976569 -0.072625910
2021-10-26-16-21-40-274 0.990648008 -0.136410933 -0.002752220 5.480801082 0.136390319 0.990633338 -0.006645888 0.302362001 0.003633029 0.006208484 0.999974482 -0.075675314
2021-10-26-16-21-40-374 0.987947833 -0.154759618 -0.002745474 5.739786701 0.154738051 0.987932347 -0.006834041 0.360207897 0.003769993 0.006326972 0.999973232 -0.079141291
2021-10-26-16-21-40-474 0.984674993 -0.174379378 -0.002448303 5.999826824 0.174359569 0.984659193 -0.006774952 0.424885947 0.003592175 0.006244365 0.999974407 -0.082327530
2021-10-26-16-21-40-574 0.980755503 -0.195229038 -0.001810318 6.264657655 0.195213589 0.980739428 -0.006534941 0.497952922 0.003051280 0.006055903 0.999977362 -0.085262870
2021-10-26-16-21-40-674 0.976184269 -0.216939044 -0.000862900 6.524666729 0.216926195 0.976158038 -0.007705754 0.574236033 0.002514026 0.007335175 0.999970292 -0.088648710
2021-10-26-16-21-40-775 0.970699748 -0.240293579 -0.000161512 6.791540783 0.240282140 0.970660606 -0.009128944 0.659880165 0.002350422 0.008822780 0.999958671 -0.092597406
2021-10-26-16-21-40-875 0.964579741 -0.263789621 -0.000007980 7.049616004 0.263775315 0.964528669 -0.010386326 0.751596040 0.002747527 0.010016460 0.999946415 -0.096050179
2021-10-26-16-21-40-975 0.957615350 -0.288048310 0.000257786 7.306415764 0.288034624 0.957561245 -0.010646612 0.852599790 0.002819918 0.010269735 0.999943643 -0.099214812
2021-10-26-16-21-41-075 0.949939529 -0.312431612 0.000668780 7.564879026 0.312423087 0.949893703 -0.009725561 0.964533501 0.002403329 0.009447761 0.999952836 -0.102226738
2021-10-26-16-21-41-175 0.941979398 -0.335667870 0.000989012 7.815456402 0.335663952 0.941944459 -0.008435227 1.081513794 0.001899870 0.008277907 0.999964287 -0.104280872
2021-10-26-16-21-41-275 0.933065256 -0.359701492 0.001778626 8.069892493 0.359702965 0.933027219 -0.008647178 1.205143431 0.001450926 0.008708280 0.999961384 -0.105582427
2021-10-26-16-21-41-375 0.923505845 -0.383573143 0.002777278 8.319305625 0.383581578 0.923457579 -0.009594026 1.331868984 0.001115344 0.009925573 0.999950473 -0.107777825
2021-10-26-16-21-41-475 0.913528039 -0.406759975 0.003461076 8.566190808 0.406772652 0.913464242 -0.010947138 1.465043471 0.001291321 0.011408511 0.999934441 -0.110257149
2021-10-26-16-21-41-575 0.902596313 -0.430469630 0.003866001 8.813429310 0.430483827 0.902519722 -0.011939809 1.607635792 0.001650618 0.012441199 0.999921598 -0.111667447
2021-10-26-16-21-41-675 0.891229425 -0.453530393 0.004412305 9.052898494 0.453548907 0.891147221 -0.012277421 1.755680401 0.001636207 0.012943316 0.999915248 -0.112910134
2021-10-26-16-21-41-775 0.879271800 -0.476297367 0.004594964 9.293805703 0.476316821 0.879194175 -0.011856689 1.915103800 0.001607482 0.012614030 0.999919502 -0.114892591
2021-10-26-16-21-41-875 0.866880822 -0.498489713 0.004986120 9.528749070 0.498512978 0.866809482 -0.011260787 2.078974547 0.001291410 0.012247525 0.999924517 -0.117268936
2021-10-26-16-21-41-975 0.853938412 -0.520344330 0.005495612 9.761323410 0.520372676 0.853873483 -0.010630401 2.249822633 0.000838951 0.011937592 0.999928747 -0.120246241
2021-10-26-16-21-42-075 0.840572426 -0.541663387 0.006166953 9.995546968 0.541698359 0.840510518 -0.010275572 2.429262963 0.000382555 0.011978108 0.999928541 -0.124065306
2021-10-26-16-21-42-175 0.826863007 -0.562370716 0.006002176 10.222497857 0.562402230 0.826801467 -0.010181965 2.611171710 0.000763474 0.011794843 0.999930502 -0.128944973
2021-10-26-16-21-42-275 0.812619668 -0.582761590 0.006124189 10.450892897 0.582793308 0.812561705 -0.009799015 2.803477902 0.000734253 0.011532123 0.999933588 -0.134373849
2021-10-26-16-21-42-375 0.798771249 -0.601596196 0.006769857 10.673797741 0.601634287 0.798722296 -0.008912987 2.998786439 -0.000045171 0.011192529 0.999937716 -0.139876674
2021-10-26-16-21-42-476 0.785314990 -0.619054677 0.007142626 10.896182519 0.619095466 0.785276379 -0.007896585 3.200778721 -0.000720471 0.010623386 0.999943665 -0.144844374
2021-10-26-16-21-42-576 0.772641193 -0.634807882 0.006626088 11.115539046 0.634841787 0.772614283 -0.006602939 3.407833875 -0.000927763 0.009308331 0.999956601 -0.149533654
2021-10-26-16-21-42-676 0.761069434 -0.648642502 0.005966836 11.328277307 0.648668727 0.761054388 -0.005060428 3.614000174 -0.001258629 0.007721945 0.999969747 -0.155419909
2021-10-26-16-21-42-776 0.750664419 -0.660662855 0.005188304 11.543480181 0.660681785 0.750656782 -0.003803660 3.825172390 -0.001381649 0.006283197 0.999979661 -0.161770014
2021-10-26-16-21-42-876 0.742155676 -0.670206853 0.005209176 11.756038709 0.670224549 0.742152594 -0.003010043 4.032516941 -0.001848602 0.005725345 0.999982255 -0.167665483
2021-10-26-16-21-42-976 0.735542140 -0.677452956 0.005888037 11.970366576 0.677474054 0.735541850 -0.002750554 4.238431288 -0.002467476 0.006012247 0.999979237 -0.172837241
2021-10-26-16-21-43-076 0.731199998 -0.682140990 0.005445891 12.184632556 0.682156709 0.731204494 -0.001635832 4.447724077 -0.002866141 0.004911177 0.999984187 -0.177232768
2021-10-26-16-21-43-176 0.728760922 -0.684753543 0.004419424 12.393217329 0.684761291 0.728767671 -0.000341093 4.651417563 -0.002987116 0.003274931 0.999990530 -0.182256021
2021-10-26-16-21-43-276 0.727717302 -0.685863983 0.004189726 12.608374889 0.685868706 0.727725506 0.000407753 4.855937794 -0.003328581 0.002576978 0.999991494 -0.187234308
2021-10-26-16-21-43-376 0.727906367 -0.685661658 0.004454254 12.821796881 0.685666362 0.727916018 0.000608452 5.054039399 -0.003659463 0.002611340 0.999990249 -0.191367256
2021-10-26-16-21-43-476 0.729537395 -0.683927848 0.004160940 13.035833080 0.683928688 0.729547761 0.001440807 5.251187601 -0.004020961 0.001794768 0.999990660 -0.195058262
2021-10-26-16-21-43-576 0.733563635 -0.679617292 0.002037158 13.253145099 0.679610861 0.733566651 0.003084640 5.450413973 -0.003590714 -0.000878201 0.999993522 -0.199730957
2021-10-26-16-21-43-676 0.739539589 -0.673112613 -0.000141854 13.471850298 0.673108439 0.739534942 0.003684450 5.640747614 -0.002375093 -0.002820177 0.999993557 -0.204847623
2021-10-26-16-21-43-776 0.747584960 -0.664165497 -0.000567298 13.704920917 0.664163190 0.747580173 0.003410619 5.829387007 -0.001841065 -0.002926403 0.999994377 -0.209750152
2021-10-26-16-21-43-877 0.757455952 -0.652885743 -0.000271546 13.945278161 0.652883230 0.757452472 0.003121573 6.012227854 -0.001832298 -0.002541638 0.999995446 -0.214101307
2021-10-26-16-21-43-977 0.769461906 -0.638692125 -0.000336137 14.191784064 0.638688612 0.769456440 0.003763568 6.191074414 -0.002145069 -0.003110506 0.999993215 -0.217999269
2021-10-26-16-21-44-077 0.784022753 -0.620728219 -0.002036886 14.448035827 0.620728032 0.784003767 0.005945226 6.370708263 -0.002093395 -0.005925440 0.999980606 -0.223328583
2021-10-26-16-21-44-177 0.799280413 -0.600947669 -0.003470473 14.708848501 0.600955639 0.799250037 0.007229570 6.541562316 -0.001570771 -0.007863949 0.999968198 -0.229429598
2021-10-26-16-21-44-277 0.815810494 -0.578306666 -0.003733521 14.986908722 0.578316491 0.815773221 0.008042445 6.707324351 -0.001605248 -0.008720163 0.999961044 -0.234931731
2021-10-26-16-21-44-377 0.832918977 -0.553383247 -0.003497199 15.270911816 0.553390602 0.832874489 0.008918788 6.861883854 -0.002022735 -0.009363841 0.999954466 -0.240372189
2021-10-26-16-21-44-477 0.850719470 -0.525608171 -0.003416812 15.565251130 0.525614807 0.850668270 0.009654989 7.007516151 -0.002168124 -0.010009508 0.999947906 -0.245871817
2021-10-26-16-21-44-577 0.868874703 -0.495020616 -0.003248333 15.872431449 0.495025790 0.868816318 0.010409215 7.143927839 -0.002330532 -0.010652205 0.999940901 -0.251387958
2021-10-26-16-21-44-677 0.886370912 -0.462962874 -0.003341454 16.181121119 0.462969503 0.886303324 0.011241245 7.266510653 -0.002242700 -0.011510795 0.999931587 -0.256691643
2021-10-26-16-21-44-777 0.903871585 -0.427787226 -0.003660506 16.502947508 0.427797341 0.903784083 0.012825936 7.379975547 -0.002178429 -0.013158845 0.999911399 -0.261821073
2021-10-26-16-21-44-877 0.920557266 -0.390590120 -0.003577493 16.826585870 0.390599137 0.920445923 0.014573490 7.477831542 -0.002399338 -0.014812988 0.999887756 -0.266990627
2021-10-26-16-21-44-977 0.936186828 -0.351483784 -0.003530608 17.157771571 0.351495606 0.936066513 0.015202607 7.559737579 -0.002038553 -0.015473363 0.999878555 -0.271964776
2021-10-26-16-21-45-077 0.950531230 -0.310607498 -0.003525510 17.497663433 0.310624755 0.950414727 0.014997698 7.625917387 -0.001307673 -0.015350780 0.999881667 -0.276009633
2021-10-26-16-21-45-177 0.963051200 -0.269292888 -0.003573680 17.833533707 0.269315980 0.962936629 0.014926411 7.677285999 -0.000578322 -0.015337235 0.999882563 -0.280003705
2021-10-26-16-21-45-277 0.973922893 -0.226846086 -0.003751649 18.179923337 0.226876901 0.973812151 0.014752351 7.715574163 0.000306913 -0.015218703 0.999884495 -0.283850247
2021-10-26-16-21-45-377 0.982629066 -0.185536524 -0.003914816 18.524044066 0.185574997 0.982512797 0.015212094 7.740708700 0.001023977 -0.015674225 0.999876981 -0.287380842
2021-10-26-16-21-45-477 0.989536750 -0.144221805 -0.004010603 18.872855515 0.144267310 0.989416403 0.015589093 7.752505927 0.001719886 -0.016004465 0.999870794 -0.290534230
2021-10-26-16-21-45-578 0.994747778 -0.102274536 -0.003970051 19.232472997 0.102325322 0.994623579 0.015949025 7.750341933 0.002317543 -0.016271381 0.999865279 -0.293062600
2021-10-26-16-21-45-678 0.998082962 -0.061737716 -0.004223054 19.583305210 0.061802145 0.997937850 0.017362434 7.736151560 0.003142440 -0.017590029 0.999840699 -0.295577074
2021-10-26-16-21-45-778 0.999790741 -0.020002167 -0.004166859 19.942603050 0.020075575 0.999629771 0.018390434 7.706007530 0.003797477 -0.018470124 0.999822554 -0.298288671
2021-10-26-16-21-45-878 0.999746902 0.022118451 -0.003985035 20.295337422 -0.022036983 0.999568542 0.019442637 7.660366066 0.004413362 -0.019349785 0.999803388 -0.300857204
2021-10-26-16-21-45-978 0.997871881 0.065088276 -0.003768883 20.649208921 -0.065001932 0.997690800 0.019716244 7.597092047 0.005043480 -0.019429187 0.999798868 -0.302887678
2021-10-26-16-21-46-077 0.994225752 0.107232365 -0.003919311 21.002643017 -0.107126887 0.994021186 0.021133338 7.521324568 0.006162056 -0.020591332 0.999769339 -0.303802302
2021-10-26-16-21-46-178 0.988585079 0.150620194 -0.003477465 21.355382107 -0.150512145 0.988374051 0.021534283 7.429080296 0.006680532 -0.020764958 0.999762418 -0.303847835
2021-10-26-16-21-46-278 0.980826405 0.194865713 -0.002434841 21.707540167 -0.194766598 0.980603354 0.021998040 7.319316383 0.006674271 -0.021101922 0.999755405 -0.304341784
2021-10-26-16-21-46-378 0.971212447 0.238205479 -0.001887085 22.046708171 -0.238114219 0.971008443 0.021097046 7.193036636 0.006857799 -0.020040260 0.999776007 -0.305061919
2021-10-26-16-21-46-478 0.959631167 0.281253521 -0.001879325 22.380888600 -0.281161541 0.959452044 0.020020085 7.050347261 0.007433829 -0.018683390 0.999798167 -0.305260844
2021-10-26-16-21-46-578 0.946016436 0.324109645 -0.002217492 22.711713096 -0.324013580 0.945865708 0.018816920 6.891602624 0.008196180 -0.017082506 0.999820842 -0.304301666
2021-10-26-16-21-46-678 0.930830149 0.365449229 -0.001095339 23.030835115 -0.365357272 0.930656305 0.019841681 6.725737052 0.008270495 -0.018068934 0.999802890 -0.302637063
2021-10-26-16-21-46-778 0.913735971 0.406307312 0.000281604 23.349295049 -0.406231871 0.913553401 0.019914993 6.541791161 0.007834329 -0.018311331 0.999801993 -0.301591467
2021-10-26-16-21-46-878 0.895331255 0.445397019 0.001614701 23.653221635 -0.445336748 0.895138141 0.020090147 6.347709556 0.007502690 -0.018706313 0.999797224 -0.301240273
2021-10-26-16-21-46-978 0.874989111 0.484138427 0.001800464 23.947988308 -0.484079407 0.874811510 0.019303810 6.138130388 0.007770624 -0.017762082 0.999812398 -0.301202827
2021-10-26-16-21-47-078 0.853252672 0.521495214 0.001363175 24.235300998 -0.521428978 0.853097085 0.018380298 5.912343666 0.008422291 -0.016393728 0.999830493 -0.301074699
2021-10-26-16-21-47-178 0.830874026 0.556458820 0.001099994 24.507775672 -0.556397701 0.830750774 0.016594128 5.678009856 0.008320098 -0.014399557 0.999862058 -0.300406529
2021-10-26-16-21-47-278 0.807431355 0.589958607 0.001661131 24.777856213 -0.589905523 0.807314498 0.015979806 5.430947097 0.008086338 -0.013882399 0.999871290 -0.299376952
2021-10-26-16-21-47-379 0.783519560 0.621361309 0.002563712 25.037304116 -0.621310759 0.783387931 0.016638276 5.179555573 0.008329966 -0.014629172 0.999858643 -0.298952247
2021-10-26-16-21-47-478 0.759728898 0.650232412 0.003032831 25.284487082 -0.650175904 0.759581865 0.017526799 4.923698996 0.009092774 -0.015287386 0.999842149 -0.298815507
2021-10-26-16-21-47-578 0.735870593 0.677117883 0.002293686 25.525805069 -0.677048702 0.735737921 0.017182519 4.652658581 0.009947002 -0.014196945 0.999850094 -0.297956614
2021-10-26-16-21-47-678 0.713353567 0.700803418 0.000841508 25.753077670 -0.700721043 0.713250914 0.016235554 4.379481854 0.010777686 -0.012171250 0.999868195 -0.296496429
2021-10-26-16-21-47-778 0.691820822 0.722068273 -0.000916839 25.977834457 -0.721978809 0.691754715 0.014913826 4.095470965 0.011402987 -0.009655653 0.999888718 -0.294946264
2021-10-26-16-21-47-878 0.672100848 0.740457656 -0.001554102 26.194867995 -0.740360357 0.672044535 0.014935514 3.815120564 0.012103499 -0.008887474 0.999887607 -0.293909174
2021-10-26-16-21-47-979 0.653008927 0.757349657 -0.000606591 26.412478008 -0.757246771 0.652933650 0.015979224 3.528837191 0.012497878 -0.009975137 0.999872495 -0.293112516
2021-10-26-16-21-48-079 0.635568694 0.772043955 0.000345882 26.626100876 -0.771945313 0.635480816 0.016275897 3.238403946 0.012345861 -0.010611354 0.999867834 -0.292495700
2021-10-26-16-21-48-179 0.620085132 0.784534190 0.000325097 26.829005701 -0.784438384 0.620003427 0.015889952 2.950113711 0.012264603 -0.010108042 0.999874049 -0.291696284
2021-10-26-16-21-48-279 0.607096792 0.794626844 -0.001118394 27.029966058 -0.794536608 0.607048542 0.014281132 2.654086402 0.012027044 -0.007781327 0.999897749 -0.290594867
2021-10-26-16-21-48-379 0.597426734 0.801917855 -0.002941154 27.224367908 -0.801839850 0.597414059 0.012230642 2.364160810 0.011565010 -0.004948478 0.999921232 -0.289357026
2021-10-26-16-21-48-479 0.591069493 0.806612009 -0.003677928 27.422141169 -0.806549209 0.591072336 0.010590156 2.075915375 0.010716021 -0.003292987 0.999937514 -0.288014949
2021-10-26-16-21-48-579 0.588431672 0.808538467 -0.003650041 27.624836580 -0.808484569 0.588436993 0.009741047 1.790823833 0.010023784 -0.002780839 0.999946248 -0.286872007
2021-10-26-16-21-48-679 0.590011889 0.807384994 -0.003878985 27.824524945 -0.807339415 0.590021562 0.008826560 1.518365845 0.009415070 -0.002076018 0.999953877 -0.285173834
2021-10-26-16-21-48-779 0.595040721 0.803684710 -0.004126398 28.028743491 -0.803647079 0.595053997 0.007899525 1.250598012 0.008804110 -0.001384270 0.999960639 -0.283716767
2021-10-26-16-21-48-879 0.602641303 0.798002695 -0.003840666 28.228517568 -0.797971289 0.602652788 0.007192811 1.001347590 0.008054425 -0.001269843 0.999967111 -0.282964768
2021-10-26-16-21-48-979 0.611823417 0.790986997 -0.003355205 28.427399862 -0.790955107 0.611830461 0.007335782 0.764978479 0.007855280 -0.001834285 0.999967818 -0.282600566
2021-10-26-16-21-49-079 0.622376284 0.782711931 -0.003059741 28.625348951 -0.782676372 0.622379378 0.007869357 0.538903623 0.008063716 -0.002502811 0.999964709 -0.282468631
2021-10-26-16-21-49-179 0.633006135 0.774138264 -0.003568898 28.815095389 -0.774095155 0.633011138 0.008597858 0.325794637 0.008915039 -0.002679727 0.999957024 -0.282457086
2021-10-26-16-21-49-279 0.644834012 0.764304101 -0.005280240 29.006396031 -0.764257803 0.644854577 0.008540026 0.115535470 0.009932121 -0.001471332 0.999949947 -0.282696089
2021-10-26-16-21-49-379 0.658409316 0.752619484 -0.007785190 29.194514105 -0.752584148 0.658455204 0.007362700 -0.083925769 0.010667467 0.001011446 0.999942943 -0.283157622
2021-10-26-16-21-49-479 0.674053475 0.738625313 -0.009168659 29.389683022 -0.738597498 0.674112884 0.006778003 -0.274701709 0.011187073 0.002203319 0.999935350 -0.284312353
2021-10-26-16-21-49-579 0.691332300 0.722480826 -0.008976972 29.594206576 -0.722449880 0.691389130 0.006902905 -0.455526611 0.011193757 0.001713319 0.999936234 -0.285145243
2021-10-26-16-21-49-679 0.710164056 0.703986752 -0.008313957 29.799162692 -0.703954775 0.710212661 0.006788659 -0.622888424 0.010683764 0.001031698 0.999942749 -0.285338128
2021-10-26-16-21-49-780 0.730994676 0.682330437 -0.008448951 30.012733883 -0.682305357 0.731042923 0.006008930 -0.785067378 0.010276583 0.001372380 0.999946606 -0.285569412
2021-10-26-16-21-49-880 0.752423757 0.658623821 -0.008517539 30.223807512 -0.658606224 0.752470651 0.005124022 -0.930809669 0.009783964 0.001754381 0.999950952 -0.286178431
2021-10-26-16-21-49-980 0.775659492 0.631094715 -0.008436521 30.440406281 -0.631093230 0.775700840 0.003173151 -1.065805547 0.008546741 0.002863060 0.999959731 -0.286547395
2021-10-26-16-21-50-080 0.800595814 0.599144282 -0.008473191 30.661949189 -0.599157861 0.800630491 0.001113888 -1.186979883 0.007451243 0.004185120 0.999963836 -0.287175900
2021-10-26-16-21-50-180 0.825330505 0.564585930 -0.008459686 30.881157733 -0.564609230 0.825358601 -0.000451445 -1.289810645 0.006727365 0.005149126 0.999964468 -0.288141146
2021-10-26-16-21-50-280 0.850443147 0.525999709 -0.008366825 31.106655422 -0.526027164 0.850467096 -0.001337071 -1.378318281 0.006412384 0.005538399 0.999964458 -0.289423331
2021-10-26-16-21-50-380 0.874195238 0.485507500 -0.008022115 31.329225938 -0.485536831 0.874214061 -0.002108477 -1.450053586 0.005989342 0.005738374 0.999965953 -0.290948977
2021-10-26-16-21-50-480 0.896781096 0.442412116 -0.007372268 31.554993397 -0.442439104 0.896795559 -0.002467206 -1.507730857 0.005519875 0.005474444 0.999970135 -0.293327491
2021-10-26-16-21-50-580 0.917570057 0.397516777 -0.006688011 31.782921649 -0.397538680 0.917582973 -0.002290539 -1.551994652 0.005226260 0.004760595 0.999975366 -0.295532647
2021-10-26-16-21-50-680 0.935828542 0.352401297 -0.006112488 32.005418609 -0.352422973 0.935836763 -0.002897274 -1.584435711 0.004699273 0.004865655 0.999977475 -0.297429455
2021-10-26-16-21-50-780 0.952334120 0.304996930 -0.005971707 32.229970288 -0.305025162 0.952333771 -0.004567527 -1.607459557 0.004293966 0.006171457 0.999972091 -0.299285897
2021-10-26-16-21-50-880 0.966230021 0.257623552 -0.005356372 32.449895927 -0.257652576 0.966221233 -0.005703276 -1.617569083 0.003706134 0.006890886 0.999969744 -0.301399296
2021-10-26-16-21-50-980 0.977840101 0.209296249 -0.004778310 32.672691664 -0.209321798 0.977830764 -0.005679331 -1.613748160 0.003483711 0.006553808 0.999972811 -0.303865071
2021-10-26-16-21-51-080 0.987109005 0.159991815 -0.004174993 32.898887030 -0.160015291 0.987096292 -0.006074946 -1.600506801 0.003149176 0.006664823 0.999973185 -0.307435876
2021-10-26-16-21-51-180 0.993855678 0.110621343 -0.003577116 33.121620292 -0.110643145 0.993838640 -0.006614668 -1.576999596 0.002823354 0.006969937 0.999972079 -0.311375687
2021-10-26-16-21-51-280 0.998205633 0.059801958 -0.002866510 33.348297631 -0.059821187 0.998183798 -0.007172200 -1.541182467 0.002432398 0.007330936 0.999970525 -0.315184287
2021-10-26-16-21-51-380 0.999950380 0.009695846 -0.002050114 33.569499941 -0.009712086 0.999920753 -0.008066994 -1.495384102 0.001971743 0.008086632 0.999965714 -0.319055640
2021-10-26-16-21-51-480 0.999183603 -0.040364709 -0.001338874 33.792099945 0.040350876 0.999144452 -0.009114927 -1.439420791 0.001705661 0.009053588 0.999957915 -0.323780527
2021-10-26-16-21-51-581 0.995826485 -0.091260643 -0.000298527 34.017361345 0.091252491 0.995772834 -0.010504773 -1.371998922 0.001255952 0.010433818 0.999945132 -0.328368281
2021-10-26-16-21-51-681 0.990029466 -0.140852140 0.001151142 34.233050779 0.140856187 0.989967745 -0.011148697 -1.293757727 0.000430742 0.011199812 0.999937543 -0.332793699
2021-10-26-16-21-51-781 0.981592803 -0.190968740 0.002348867 34.448459612 0.190983020 0.981534937 -0.010748587 -1.200431748 -0.000252830 0.010999455 0.999939827 -0.337643328
2021-10-26-16-21-51-881 0.970835654 -0.239727120 0.002841033 34.654044643 0.239743899 0.970776349 -0.010816675 -1.099278734 -0.000164932 0.011182460 0.999937816 -0.342137268
2021-10-26-16-21-51-981 0.957360846 -0.288864880 0.004042999 34.857663855 0.288892858 0.957287663 -0.011919780 -0.988791570 -0.000427080 0.012579650 0.999921136 -0.346533854
2021-10-26-16-21-52-081 0.941625007 -0.336612068 0.005809077 35.060737360 0.336660806 0.941531359 -0.013379319 -0.868950024 -0.000965758 0.014554116 0.999893971 -0.350731328
2021-10-26-16-21-52-181 0.923606203 -0.383276282 0.007070260 35.253889475 0.383340334 0.923492522 -0.014578077 -0.740540444 -0.000941868 0.016174843 0.999869090 -0.353636509
2021-10-26-16-21-52-281 0.902681338 -0.430226795 0.008393906 35.443941447 0.430305905 0.902574642 -0.014020625 -0.597212810 -0.001544042 0.016268226 0.999866826 -0.356866703
2021-10-26-16-21-52-381 0.880083340 -0.474729713 0.009176463 35.621560823 0.474815582 0.879981152 -0.013565772 -0.446822495 -0.001635001 0.016296260 0.999866226 -0.360521054
2021-10-26-16-21-52-481 0.854940568 -0.518626966 0.010095970 35.794137184 0.518721438 0.854847598 -0.012818258 -0.286109430 -0.001982579 0.016195964 0.999867226 -0.364638317
