2021-04-22-15-14-28-365 0.729258186 -0.016621599 0.684036427 11724548.306662096 -0.683985263 0.009470666 0.729433973 3125831.748587703 -0.018602636 -0.999817404 -0.004462429 17.565738349
2021-04-22-15-14-28-465 0.729263104 -0.016614063 0.684031367 11724548.306670466 -0.683980126 0.009472907 0.729438761 3125831.748391644 -0.018598704 -0.999817508 -0.004455510 17.565661500
2021-04-22-15-14-28-565 0.729257749 -0.016635560 0.684036553 11724548.306769902 -0.683985722 0.009456137 0.729433732 3125831.748268689 -0.018602879 -0.999817309 -0.004482587 17.565539502
2021-04-22-15-14-28-665 0.729264351 -0.016638977 0.684029433 11724548.306824947 -0.683979067 0.009431817 0.729440287 3125831.748202827 -0.018588777 -0.999817482 -0.004502487 17.565424749
2021-04-22-15-14-28-765 0.729268816 -0.016631216 0.684024860 11724548.306847423 -0.683974322 0.009439124 0.729444641 3125831.748094878 -0.018588144 -0.999817543 -0.004491729 17.565345039
2021-04-22-15-14-28-865 0.729271134 -0.016640258 0.684022168 11724548.306923987 -0.683971718 0.009436594 0.729447115 3125831.748023493 -0.018593024 -0.999817416 -0.004499693 17.565214982
2021-04-22-15-14-28-965 0.729275245 -0.016668852 0.684017090 11724548.307083989 -0.683966891 0.009429946 0.729451727 3125831.747966093 -0.018609364 -0.999817002 -0.004523980 17.565108208
2021-04-22-15-14-29-065 0.729258864 -0.016610713 0.684035968 11724548.307077315 -0.683982460 0.009593808 0.729434993 3125831.747759600 -0.018678941 -0.999816410 -0.004365129 17.565390988
2021-04-22-15-14-29-165 0.729257046 -0.016593489 0.684038324 11724548.306839373 -0.683985316 0.009563016 0.729432719 3125831.747899330 -0.018645300 -0.999816992 -0.004375868 17.565398925
2021-04-22-15-14-29-265 0.729274951 -0.016600519 0.684019064 11724548.306618553 -0.683966070 0.009563674 0.729450757 3125831.748054990 -0.018650994 -0.999816869 -0.004379706 17.565444691
2021-04-22-15-14-29-365 0.729278346 -0.016648676 0.684014275 11724548.306536386 -0.683961288 0.009574592 0.729455098 3125831.748166097 -0.018693615 -0.999815964 -0.004404570 17.565475991
2021-04-22-15-14-29-465 0.729272759 -0.016666275 0.684019803 11724548.306431521 -0.683966263 0.009608261 0.729449989 3125831.748228826 -0.018729452 -0.999815347 -0.004392189 17.565582420
2021-04-22-15-14-29-565 0.729283629 -0.016647142 0.684008679 11724548.306205345 -0.683955592 0.009579517 0.729460374 3125831.748462139 -0.018695901 -0.999815942 -0.004399783 17.565664844
2021-04-22-15-14-29-665 0.729287929 -0.016643782 0.684004176 11724548.306035655 -0.683951869 0.009536905 0.729464423 3125831.748705332 -0.018664327 -0.999816405 -0.004428458 17.565708068
2021-04-22-15-14-29-765 0.729287543 -0.016653742 0.684004347 11724548.305962587 -0.683951674 0.009558830 0.729464319 3125831.748850310 -0.018686588 -0.999816030 -0.004419281 17.565826153
2021-04-22-15-14-29-865 0.729287410 -0.016639055 0.684004845 11724548.305916844 -0.683951901 0.009569913 0.729463961 3125831.749016696 -0.018683455 -0.999816168 -0.004401159 17.565971181
2021-04-22-15-14-29-965 0.729297686 -0.016624487 0.683994243 11724548.305878270 -0.683941192 0.009571995 0.729473973 3125831.749264076 -0.018674316 -0.999816390 -0.004389401 17.566094043
2021-04-22-15-14-30-065 0.729240806 -0.016611582 0.684055198 11724548.305939773 -0.684000646 0.009650090 0.729417197 3125831.749248503 -0.018717965 -0.999815854 -0.004325157 17.566310973
2021-04-22-15-14-30-165 0.729242540 -0.016610275 0.684053381 11724548.305797821 -0.683998901 0.009645896 0.729418889 3125831.749226673 -0.018714153 -0.999815917 -0.004327275 17.566311710
2021-04-22-15-14-30-265 0.729250286 -0.016606946 0.684045205 11724548.305683244 -0.683990808 0.009640594 0.729426548 3125831.749253269 -0.018708146 -0.999816024 -0.004328654 17.566277440
2021-04-22-15-14-30-365 0.729254640 -0.016613707 0.684040399 11724548.305620084 -0.683986031 0.009640532 0.729431028 3125831.749340203 -0.018713063 -0.999815911 -0.004333204 17.566253739
2021-04-22-15-14-30-465 0.729257068 -0.016601363 0.684038110 11724548.305607714 -0.683983837 0.009632586 0.729433190 3125831.749428138 -0.018698638 -0.999816194 -0.004330496 17.566242052
2021-04-22-15-14-30-565 0.729271193 -0.016596177 0.684023176 11724548.305634255 -0.683968861 0.009633513 0.729447221 3125831.749546026 -0.018695578 -0.999816271 -0.004325888 17.566236621
2021-04-22-15-14-30-665 0.729281312 -0.016594021 0.684012440 11724548.305722425 -0.683957850 0.009647521 0.729457360 3125831.749669751 -0.018703652 -0.999816171 -0.004313918 17.566290815
2021-04-22-15-14-30-765 0.729288959 -0.016600544 0.684004129 11724548.305840299 -0.683949674 0.009641728 0.729465103 3125831.749836848 -0.018704496 -0.999816118 -0.004322393 17.566288616
2021-04-22-15-14-30-865 0.729287386 -0.016575571 0.684006413 11724548.305942731 -0.683952015 0.009632833 0.729463025 3125831.750011961 -0.018680182 -0.999816619 -0.004311854 17.566315144
2021-04-22-15-14-30-965 0.729292659 -0.016566024 0.684001022 11724548.306097504 -0.683946809 0.009620652 0.729468067 3125831.750204234 -0.018664918 -0.999816894 -0.004314071 17.566345668
2021-04-22-15-14-31-065 0.729238726 -0.016460464 0.684061069 11724548.306214936 -0.684004059 0.009747331 0.729412703 3125831.750102546 -0.018674238 -0.999817410 -0.004150955 17.566700503
2021-04-22-15-14-31-165 0.729249701 -0.016464440 0.684049273 11724548.306072788 -0.683991909 0.009767029 0.729423833 3125831.750082800 -0.018690681 -0.999817153 -0.004139003 17.566725335
2021-04-22-15-14-31-265 0.729265518 -0.016444639 0.684032888 11724548.305921182 -0.683975451 0.009766318 0.729439276 3125831.750108300 -0.018675845 -0.999817486 -0.004125552 17.566764448
2021-04-22-15-14-31-365 0.729265723 -0.016455420 0.684032409 11724548.305883316 -0.683974911 0.009771919 0.729439706 3125831.750120234 -0.018687542 -0.999817253 -0.004128832 17.566782884
2021-04-22-15-14-31-465 0.729263847 -0.016465006 0.684034179 11724548.305858245 -0.683976574 0.009779831 0.729438042 3125831.750112025 -0.018699937 -0.999817019 -0.004129664 17.566830343
2021-04-22-15-14-31-565 0.729272488 -0.016460528 0.684025074 11724548.305789785 -0.683967413 0.009781696 0.729446606 3125831.750158270 -0.018697998 -0.999817074 -0.004125005 17.566874613
2021-04-22-15-14-31-665 0.729278109 -0.016449605 0.684019343 11724548.305724544 -0.683961368 0.009796076 0.729452082 3125831.750172202 -0.018699901 -0.999817113 -0.004106893 17.566934018
2021-04-22-15-14-31-765 0.729288190 -0.016454471 0.684008479 11724548.305702755 -0.683950005 0.009823620 0.729462365 3125831.750155373 -0.018722354 -0.999816763 -0.004089849 17.567014323
2021-04-22-15-14-31-865 0.729285206 -0.016471512 0.684011250 11724548.305748196 -0.683952743 0.009829154 0.729459724 3125831.750130839 -0.018738553 -0.999816428 -0.004097542 17.567043769
2021-04-22-15-14-31-965 0.729287737 -0.016481317 0.684008315 11724548.305752903 -0.683949964 0.009822942 0.729462413 3125831.750189684 -0.018741472 -0.999816328 -0.004108707 17.567056139
2021-04-22-15-14-32-065 0.729247297 -0.016405209 0.684053260 11724548.305734012 -0.683993259 0.009895027 0.729420842 3125831.750092974 -0.018735024 -0.999816868 -0.004005194 17.567261010
2021-04-22-15-14-32-165 0.729240408 -0.016430729 0.684059991 11724548.305691745 -0.683999854 0.009907857 0.729414484 3125831.750106199 -0.018762377 -0.999816322 -0.004013469 17.567219946
2021-04-22-15-14-32-265 0.729243122 -0.016444359 0.684056770 11724548.305646744 -0.683996458 0.009920067 0.729417503 3125831.750145351 -0.018780689 -0.999815977 -0.004013806 17.567182399
2021-04-22-15-14-32-365 0.729241694 -0.016435705 0.684058501 11724548.305561904 -0.683998583 0.009897181 0.729415820 3125831.750242885 -0.018758711 -0.999816346 -0.004024625 17.567090343
2021-04-22-15-14-32-465 0.729248899 -0.016411261 0.684051406 11724548.305461114 -0.683991173 0.009908725 0.729422613 3125831.750293985 -0.018748819 -0.999816634 -0.003999293 17.567043556
2021-04-22-15-14-32-565 0.729248223 -0.016422596 0.684051855 11724548.305454364 -0.683991680 0.009908048 0.729422146 3125831.750322160 -0.018756620 -0.999816454 -0.004007555 17.566946926
2021-04-22-15-14-32-665 0.729253808 -0.016421766 0.684045921 11724548.305392787 -0.683985459 0.009923063 0.729427775 3125831.750346581 -0.018766320 -0.999816319 -0.003995880 17.566855428
2021-04-22-15-14-32-765 0.729259212 -0.016424019 0.684040106 11724548.305250732 -0.683979921 0.009908677 0.729433165 3125831.750407025 -0.018758152 -0.999816424 -0.004007768 17.566722761
2021-04-22-15-14-32-865 0.729253253 -0.016416421 0.684046642 11724548.305125991 -0.683986308 0.009915134 0.729427088 3125831.750400465 -0.018756992 -0.999816485 -0.003998026 17.566621977
2021-04-22-15-14-32-965 0.729259250 -0.016438481 0.684039717 11724548.305061657 -0.683979382 0.009919803 0.729433518 3125831.750397002 -0.018776315 -0.999816076 -0.004009536 17.566507795
2021-04-22-15-14-33-065 0.729239456 -0.016438143 0.684060828 11724548.305015204 -0.684002730 0.009800583 0.729413236 3125831.750433884 -0.018694390 -0.999817258 -0.004096826 17.566304631
2021-04-22-15-14-33-165 0.729233846 -0.016431185 0.684066975 11724548.304881232 -0.684008891 0.009798459 0.729407488 3125831.750278529 -0.018687829 -0.999817392 -0.004093772 17.566370199
2021-04-22-15-14-33-265 0.729240741 -0.016444150 0.684059313 11724548.304778317 -0.684001644 0.009778991 0.729414544 3125831.750182835 -0.018684010 -0.999817370 -0.004116650 17.566401395
2021-04-22-15-14-33-365 0.729237153 -0.016456158 0.684062849 11724548.304716723 -0.684005047 0.009788790 0.729411223 3125831.750038947 -0.018699450 -0.999817076 -0.004117809 17.566480543
2021-04-22-15-14-33-465 0.729235510 -0.016453090 0.684064674 11724548.304647487 -0.684006577 0.009803931 0.729409584 3125831.749859535 -0.018707561 -0.999816978 -0.004104710 17.566585285
2021-04-22-15-14-33-565 0.729235087 -0.016444588 0.684065330 11724548.304560926 -0.684007241 0.009801619 0.729408992 3125831.749707820 -0.018699774 -0.999817141 -0.004100595 17.566682813
2021-04-22-15-14-33-665 0.729238362 -0.016442450 0.684061890 11724548.304489844 -0.684004143 0.009782762 0.729412150 3125831.749576654 -0.018685334 -0.999817361 -0.004112802 17.566765632
2021-04-22-15-14-33-765 0.729242881 -0.016437582 0.684057190 11724548.304409100 -0.683999198 0.009794780 0.729416626 3125831.749368528 -0.018690031 -0.999817324 -0.004100582 17.566914046
2021-04-22-15-14-33-865 0.729241569 -0.016439449 0.684058544 11724548.304325774 -0.684000481 0.009799011 0.729415367 3125831.749186403 -0.018694281 -0.999817251 -0.004098808 17.567071628
2021-04-22-15-14-33-965 0.729233879 -0.016430862 0.684066947 11724548.304235378 -0.684009086 0.009786445 0.729407466 3125831.749020593 -0.018679373 -0.999817515 -0.004102314 17.567236105
2021-04-22-15-14-34-065 0.729243939 -0.016414534 0.684056616 11724548.304140227 -0.683998215 0.009811621 0.729417322 3125831.748895275 -0.018684746 -0.999817537 -0.004072510 17.567403732
2021-04-22-15-14-34-165 0.729237735 -0.016427978 0.684062906 11724548.304254094 -0.684004622 0.009808392 0.729411357 3125831.748928676 -0.018692308 -0.999817348 -0.004084226 17.567311704
2021-04-22-15-14-34-265 0.729250800 -0.016422083 0.684049120 11724548.304330802 -0.683990796 0.009809058 0.729424313 3125831.749002065 -0.018688541 -0.999817439 -0.004079352 17.567286940
2021-04-22-15-14-34-365 0.729255001 -0.016413116 0.684044857 11724548.304383514 -0.683986628 0.009801951 0.729428318 3125831.749064263 -0.018677162 -0.999817655 -0.004078294 17.567255107
2021-04-22-15-14-34-465 0.729249089 -0.016418733 0.684051024 11724548.304480091 -0.683992727 0.009806898 0.729422531 3125831.749062831 -0.018684610 -0.999817514 -0.004078685 17.567213877
2021-04-22-15-14-34-565 0.729246521 -0.016410702 0.684053954 11724548.304558635 -0.683995647 0.009805766 0.729419809 3125831.749086023 -0.018677960 -0.999817657 -0.004074090 17.567213308
2021-04-22-15-14-34-665 0.729235342 -0.016407245 0.684065955 11724548.304610673 -0.684007789 0.009797514 0.729408532 3125831.749133062 -0.018669726 -0.999817795 -0.004078052 17.567236768
2021-04-22-15-14-34-765 0.729234800 -0.016381930 0.684067139 11724548.304567680 -0.684008721 0.009805619 0.729407551 3125831.749161669 -0.018656802 -0.999818130 -0.004054847 17.567296321
2021-04-22-15-14-34-865 0.729244462 -0.016377403 0.684056948 11724548.304460652 -0.683998561 0.009802813 0.729417116 3125831.749202541 -0.018651636 -0.999818233 -0.004053536 17.567362134
2021-04-22-15-14-34-965 0.729235170 -0.016371816 0.684066987 11724548.304351704 -0.684008749 0.009793698 0.729407684 3125831.749192110 -0.018641270 -0.999818413 -0.004056618 17.567444140
2021-04-22-15-14-35-065 0.729235411 -0.016575865 0.684061815 11724548.304386025 -0.684005705 0.009725207 0.729411456 3125831.749228279 -0.018743266 -0.999815720 -0.004246083 17.567092355
2021-04-22-15-14-35-165 0.729238974 -0.016561480 0.684058367 11724548.304217976 -0.684002204 0.009724629 0.729414746 3125831.749146373 -0.018732399 -0.999815963 -0.004236572 17.566967746
2021-04-22-15-14-35-265 0.729236995 -0.016566788 0.684060347 11724548.304084126 -0.684004168 0.009726757 0.729412876 3125831.749052920 -0.018737714 -0.999815855 -0.004238703 17.566826439
2021-04-22-15-14-35-365 0.729238736 -0.016558959 0.684058681 11724548.303868992 -0.684002449 0.009727774 0.729414474 3125831.748958804 -0.018732710 -0.999815975 -0.004232562 17.566696025
2021-04-22-15-14-35-465 0.729241564 -0.016548017 0.684055931 11724548.303594317 -0.683999853 0.009717047 0.729417052 3125831.748836749 -0.018717406 -0.999816260 -0.004232829 17.566574581
2021-04-22-15-14-35-565 0.729238546 -0.016545010 0.684059222 11724548.303312700 -0.684003062 0.009720754 0.729413992 3125831.748667843 -0.018717730 -0.999816274 -0.004228151 17.566457616
2021-04-22-15-14-35-665 0.729240062 -0.016557556 0.684057301 11724548.303021574 -0.684001007 0.009730757 0.729415787 3125831.748488808 -0.018733735 -0.999815969 -0.004229389 17.566354599
2021-04-22-15-14-35-765 0.729251182 -0.016558837 0.684045416 11724548.302663684 -0.683988952 0.009739964 0.729426968 3125831.748308128 -0.018741036 -0.999815858 -0.004223244 17.566263625
2021-04-22-15-14-35-865 0.729268362 -0.016552609 0.684027251 11724548.302285116 -0.683970849 0.009735001 0.729444008 3125831.748141465 -0.018733205 -0.999816009 -0.004222136 17.566148838
2021-04-22-15-14-35-965 0.729267297 -0.016553536 0.684028363 11724548.301963899 -0.683972004 0.009732989 0.729442953 3125831.747935247 -0.018732498 -0.999816014 -0.004224267 17.566058935
2021-04-22-15-14-36-065 0.729226987 -0.016562256 0.684071126 11724548.301847979 -0.684015120 0.009716668 0.729402740 3125831.747748227 -0.018727443 -0.999816028 -0.004243239 17.565919856
2021-04-22-15-14-36-165 0.729232665 -0.016561983 0.684065081 11724548.302071344 -0.684008796 0.009731351 0.729408475 3125831.747916189 -0.018737324 -0.999815890 -0.004232185 17.565860491
2021-04-22-15-14-36-265 0.729249848 -0.016564595 0.684046698 11724548.302295836 -0.683990329 0.009736223 0.729425726 3125831.748109024 -0.018742669 -0.999815799 -0.004229945 17.565806823
2021-04-22-15-14-36-365 0.729258781 -0.016562408 0.684037228 11724548.302533966 -0.683981040 0.009725934 0.729434573 3125831.748313100 -0.018734091 -0.999815936 -0.004235712 17.565751751
2021-04-22-15-14-36-465 0.729268618 -0.016558160 0.684026843 11724548.302760843 -0.683970678 0.009723606 0.729444321 3125831.748492167 -0.018729459 -0.999816029 -0.004234237 17.565726130
2021-04-22-15-14-36-565 0.729275772 -0.016559847 0.684019177 11724548.303030660 -0.683963157 0.009716086 0.729451473 3125831.748684549 -0.018725591 -0.999816074 -0.004240682 17.565681641
2021-04-22-15-14-36-665 0.729278727 -0.016567456 0.684015841 11724548.303358102 -0.683959784 0.009719814 0.729454586 3125831.748855895 -0.018733710 -0.999815912 -0.004243082 17.565653927
2021-04-22-15-14-36-765 0.729278615 -0.016580250 0.684015651 11724548.303753922 -0.683959862 0.009708356 0.729454666 3125831.749052035 -0.018735205 -0.999815811 -0.004260192 17.565625703
2021-04-22-15-14-36-865 0.729292002 -0.016594896 0.684001021 11724548.304093739 -0.683945664 0.009688579 0.729468242 3125831.749280968 -0.018732444 -0.999815759 -0.004284266 17.565570679
2021-04-22-15-14-36-965 0.729296191 -0.016595519 0.683996540 11724548.304449204 -0.683941118 0.009692128 0.729472458 3125831.749462724 -0.018735353 -0.999815715 -0.004281989 17.565600399
2021-04-22-15-14-37-065 0.729238408 -0.016522041 0.684059924 11724548.304779887 -0.684004301 0.009686871 0.729413282 3125831.749472668 -0.018677793 -0.999816983 -0.004237172 17.565723834
2021-04-22-15-14-37-165 0.729233205 -0.016523724 0.684065429 11724548.304751104 -0.684009891 0.009682784 0.729408094 3125831.749394044 -0.018676193 -0.999816995 -0.004241445 17.565759068
2021-04-22-15-14-37-265 0.729231276 -0.016525314 0.684067446 11724548.304700365 -0.684011497 0.009705232 0.729406290 3125831.749273366 -0.018692699 -0.999816751 -0.004226208 17.565829268
2021-04-22-15-14-37-365 0.729225230 -0.016517278 0.684074087 11724548.304691074 -0.684018302 0.009694618 0.729400049 3125831.749201324 -0.018679536 -0.999816986 -0.004228623 17.565885640
2021-04-22-15-14-37-465 0.729234414 -0.016509243 0.684064490 11724548.304654542 -0.684008802 0.009687543 0.729409053 3125831.749160134 -0.018668892 -0.999817188 -0.004228040 17.565982479
2021-04-22-15-14-37-565 0.729231922 -0.016517897 0.684066938 11724548.304616190 -0.684011180 0.009693223 0.729406746 3125831.749059612 -0.018679075 -0.999816990 -0.004229881 17.566083161
2021-04-22-15-14-37-665 0.729235104 -0.016507822 0.684063789 11724548.304564698 -0.684008012 0.009691954 0.729409735 3125831.748994301 -0.018670878 -0.999817168 -0.004223832 17.566200996
2021-04-22-15-14-37-765 0.729252543 -0.016519026 0.684044928 11724548.304543607 -0.683988902 0.009707557 0.729427446 3125831.748941324 -0.018689833 -0.999816832 -0.004219632 17.566343457
2021-04-22-15-14-37-865 0.729258747 -0.016528298 0.684038089 11724548.304544453 -0.683981868 0.009720086 0.729433876 3125831.748878900 -0.018705206 -0.999816557 -0.004216660 17.566493842
2021-04-22-15-14-37-965 0.729261950 -0.016523709 0.684034786 11724548.304531692 -0.683978597 0.009717213 0.729436981 3125831.748812313 -0.018699913 -0.999816661 -0.004215532 17.566626369
2021-04-22-15-14-38-065 0.729236853 -0.016548128 0.684060950 11724548.304593209 -0.684005556 0.009680606 0.729412188 3125831.748709459 -0.018692527 -0.999816612 -0.004259620 17.566645256
2021-04-22-15-14-38-165 0.729236666 -0.016559797 0.684060867 11724548.304478666 -0.684005480 0.009682888 0.729412229 3125831.748609806 -0.018702600 -0.999816397 -0.004265937 17.566662930
2021-04-22-15-14-38-265 0.729243890 -0.016553220 0.684053326 11724548.304303408 -0.683997802 0.009688563 0.729419353 3125831.748508171 -0.018701730 -0.999816451 -0.004257104 17.566718460
2021-04-22-15-14-38-365 0.729252078 -0.016563328 0.684044352 11724548.304152956 -0.683988993 0.009681980 0.729427702 3125831.748422122 -0.018704651 -0.999816346 -0.004268592 17.566747168
2021-04-22-15-14-38-465 0.729243184 -0.016553308 0.684054076 11724548.304030728 -0.683998755 0.009677813 0.729418603 3125831.748297442 -0.018694435 -0.999816553 -0.004265026 17.566814268
2021-04-22-15-14-38-565 0.729235134 -0.016550292 0.684062731 11724548.303914992 -0.684007399 0.009677792 0.729410497 3125831.748134672 -0.018692171 -0.999816603 -0.004263198 17.566871075
2021-04-22-15-14-38-665 0.729229853 -0.016534088 0.684068753 11724548.303761879 -0.684013298 0.009680773 0.729404926 3125831.747970966 -0.018682357 -0.999816843 -0.004250090 17.566941689
2021-04-22-15-14-38-765 0.729230414 -0.016541754 0.684067969 11724548.303632177 -0.684012458 0.009685514 0.729405651 3125831.747825750 -0.018691195 -0.999816670 -0.004251857 17.566995131
2021-04-22-15-14-38-865 0.729222951 -0.016546476 0.684075810 11724548.303542182 -0.684020303 0.009686406 0.729398282 3125831.747693590 -0.018695204 -0.999816583 -0.004254637 17.567068469
2021-04-22-15-14-38-965 0.729214956 -0.016544110 0.684084390 11724548.303448979 -0.684028716 0.009694931 0.729390279 3125831.747554273 -0.018699261 -0.999816540 -0.004247020 17.567159629
2021-04-22-15-14-39-065 0.729246692 -0.016492065 0.684051815 11724548.303260958 -0.683995224 0.009731888 0.729421195 3125831.747546665 -0.018686774 -0.999817041 -0.004183609 17.567323915
2021-04-22-15-14-39-165 0.729258284 -0.016497792 0.684039320 11724548.303343834 -0.683983089 0.009713720 0.729432816 3125831.747745277 -0.018678594 -0.999817123 -0.004200463 17.567307076
2021-04-22-15-14-39-265 0.729264588 -0.016490788 0.684032768 11724548.303482838 -0.683976115 0.009734611 0.729439076 3125831.747871864 -0.018687815 -0.999817035 -0.004180261 17.567339973
2021-04-22-15-14-39-365 0.729261622 -0.016484062 0.684036092 11724548.303654958 -0.683979330 0.009739025 0.729436004 3125831.748028066 -0.018685909 -0.999817103 -0.004172523 17.567363769
2021-04-22-15-14-39-465 0.729268649 -0.016467223 0.684029006 11724548.303839428 -0.683972588 0.009716722 0.729442622 3125831.748281778 -0.018658412 -0.999817598 -0.004177092 17.567375635
2021-04-22-15-14-39-565 0.729277043 -0.016483517 0.684019664 11724548.304083517 -0.683963252 0.009719947 0.729451333 3125831.748482430 -0.018672555 -0.999817298 -0.004185648 17.567379652
2021-04-22-15-14-39-665 0.729278914 -0.016469154 0.684018015 11724548.304327341 -0.683961102 0.009743525 0.729453035 3125831.748623517 -0.018678218 -0.999817305 -0.004158576 17.567437361
2021-04-22-15-14-39-765 0.729277964 -0.016470356 0.684018999 11724548.304609453 -0.683962012 0.009747776 0.729452125 3125831.748831394 -0.018681996 -0.999817244 -0.004156322 17.567486428
2021-04-22-15-14-39-865 0.729284324 -0.016453545 0.684012623 11724548.304875249 -0.683955510 0.009750746 0.729458182 3125831.749078421 -0.018671802 -0.999817492 -0.004142488 17.567544919
2021-04-22-15-14-39-965 0.729282710 -0.016467917 0.684013998 11724548.305232074 -0.683956595 0.009769354 0.729456914 3125831.749261985 -0.018695007 -0.999817073 -0.004138782 17.567571336
2021-04-22-15-14-40-065 0.729243394 -0.016391256 0.684057755 11724548.305459382 -0.683999724 0.009786681 0.729416241 3125831.749307175 -0.018650700 -0.999818164 -0.004074804 17.567718936
2021-04-22-15-14-40-165 0.729246757 -0.016370229 0.684054672 11724548.305128010 -0.683996694 0.009779229 0.729419183 3125831.749330221 -0.018630283 -0.999818581 -0.004065774 17.567638266
2021-04-22-15-14-40-265 0.729251306 -0.016353766 0.684050217 11724548.304790955 -0.683992163 0.009779671 0.729423425 3125831.749292590 -0.018618603 -0.999818846 -0.004054073 17.567514182
2021-04-22-15-14-40-365 0.729241587 -0.016372933 0.684060120 11724548.304525468 -0.684001914 0.009792154 0.729414114 3125831.749181838 -0.018641067 -0.999818410 -0.004058335 17.567362224
2021-04-22-15-14-40-465 0.729232752 -0.016382157 0.684069317 11724548.304193296 -0.684010855 0.009808019 0.729405517 3125831.749075248 -0.018658597 -0.999818103 -0.004053308 17.567211114
2021-04-22-15-14-40-565 0.729239943 -0.016369252 0.684061960 11724548.303707695 -0.684003915 0.009782743 0.729412365 3125831.749026407 -0.018631934 -0.999818562 -0.004062728 17.567017485
2021-04-22-15-14-40-665 0.729239047 -0.016360412 0.684063127 11724548.303227486 -0.684005266 0.009770895 0.729411256 3125831.748929452 -0.018617374 -0.999818823 -0.004065353 17.566869128
2021-04-22-15-14-40-765 0.729235723 -0.016374355 0.684066337 11724548.302768288 -0.684008882 0.009752170 0.729408116 3125831.748802048 -0.018614715 -0.999818777 -0.004088636 17.566683232
2021-04-22-15-14-40-865 0.729240123 -0.016376803 0.684061588 11724548.302232027 -0.684003984 0.009760663 0.729412595 3125831.748612551 -0.018622337 -0.999818654 -0.004083995 17.566558777
2021-04-22-15-14-40-965 0.729254389 -0.016351732 0.684046979 11724548.301610863 -0.683989193 0.009764785 0.729426410 3125831.748420201 -0.018606954 -0.999819024 -0.004063459 17.566486730
2021-04-22-15-14-41-065 0.729247123 -0.016444555 0.684052501 11724548.301358594 -0.683996353 0.009697421 0.729420595 3125831.748309004 -0.018628539 -0.999818158 -0.004176261 17.566225918
2021-04-22-15-14-41-165 0.729239619 -0.016458897 0.684060153 11724548.301511262 -0.684004134 0.009693875 0.729413345 3125831.748315574 -0.018636529 -0.999817956 -0.004188858 17.566363222
2021-04-22-15-14-41-265 0.729242436 -0.016451704 0.684057325 11724548.301578969 -0.684001069 0.009704898 0.729416073 3125831.748296248 -0.018638841 -0.999817968 -0.004175823 17.566538831
2021-04-22-15-14-41-365 0.729254571 -0.016446779 0.684044506 11724548.301659150 -0.683988120 0.009710607 0.729428139 3125831.748296830 -0.018639228 -0.999817993 -0.004167959 17.566738504
2021-04-22-15-14-41-465 0.729262161 -0.016430453 0.684036807 11724548.301747115 -0.683980965 0.009677687 0.729435287 3125831.748351862 -0.018604842 -0.999818581 -0.004180609 17.566943465
2021-04-22-15-14-41-565 0.729258037 -0.016409832 0.684041699 11724548.301849496 -0.683985892 0.009671189 0.729430752 3125831.748298041 -0.018585330 -0.999818982 -0.004171364 17.567191415
2021-04-22-15-14-41-665 0.729256506 -0.016421521 0.684043051 11724548.301998941 -0.683986911 0.009691717 0.729429524 3125831.748192840 -0.018607890 -0.999818592 -0.004164420 17.567459038
2021-04-22-15-14-41-765 0.729273799 -0.016429498 0.684024422 11724548.302105309 -0.683968480 0.009682711 0.729446927 3125831.748153904 -0.018607655 -0.999818548 -0.004175974 17.567744040
2021-04-22-15-14-41-865 0.729278458 -0.016422524 0.684019623 11724548.302164560 -0.683964037 0.009661859 0.729451369 3125831.748111421 -0.018588330 -0.999818864 -0.004186293 17.568051135
2021-04-22-15-14-41-965 0.729289193 -0.016421408 0.684008203 11724548.302169865 -0.683952243 0.009681621 0.729462165 3125831.747990782 -0.018601101 -0.999818692 -0.004170820 17.568394146
2021-04-22-15-14-42-065 0.729288294 -0.016438472 0.684008752 11724548.302187987 -0.683952628 0.009694264 0.729461637 3125831.747820804 -0.018622192 -0.999818289 -0.004173286 17.568709768
2021-04-22-15-14-42-165 0.729245398 -0.016451962 0.684054161 11724548.302335320 -0.683999020 0.009645057 0.729418788 3125831.747991798 -0.018598109 -0.999818542 -0.004219575 17.568542946
2021-04-22-15-14-42-265 0.729248761 -0.016422260 0.684051289 11724548.302287055 -0.683996074 0.009642309 0.729421588 3125831.748218589 -0.018574582 -0.999819057 -0.004201182 17.568455844
2021-04-22-15-14-42-365 0.729251025 -0.016434425 0.684048583 11724548.302258084 -0.683993324 0.009647373 0.729424098 3125831.748432141 -0.018586934 -0.999818809 -0.004205742 17.568347443
2021-04-22-15-14-42-465 0.729255971 -0.016429413 0.684043432 11724548.302199034 -0.683988042 0.009653200 0.729428976 3125831.748654462 -0.018587294 -0.999818835 -0.004197931 17.568277468
2021-04-22-15-14-42-565 0.729254799 -0.016432881 0.684044597 11724548.302147599 -0.683989212 0.009653748 0.729427871 3125831.748885144 -0.018590193 -0.999818773 -0.004199934 17.568196444
2021-04-22-15-14-42-665 0.729263295 -0.016419622 0.684035858 11724548.302019030 -0.683980115 0.009669890 0.729436187 3125831.749107683 -0.018591615 -0.999818834 -0.004178862 17.568167570
2021-04-22-15-14-42-765 0.729256448 -0.016442551 0.684042607 11724548.301933322 -0.683987151 0.009659724 0.729429724 3125831.749314930 -0.018601345 -0.999818556 -0.004202141 17.568075572
2021-04-22-15-14-42-865 0.729262310 -0.016446683 0.684036259 11724548.301773749 -0.683980815 0.009659920 0.729435663 3125831.749494824 -0.018604530 -0.999818486 -0.004204662 17.568042417
2021-04-22-15-14-42-965 0.729264236 -0.016446150 0.684034217 11724548.301579306 -0.683978929 0.009651386 0.729437544 3125831.749665793 -0.018598314 -0.999818577 -0.004210472 17.568018718
2021-04-22-15-14-43-065 0.729256053 -0.016583473 0.684039626 11724548.301604072 -0.683985277 0.009632536 0.729431841 3125831.749777043 -0.018685547 -0.999816491 -0.004318329 17.567799374
2021-04-22-15-14-43-165 0.729251646 -0.016596086 0.684044019 11724548.301634893 -0.683989570 0.009640863 0.729427706 3125831.749707419 -0.018700416 -0.999816201 -0.004320997 17.567876038
2021-04-22-15-14-43-265 0.729249233 -0.016614705 0.684046139 11724548.301661339 -0.683991917 0.009633072 0.729425607 3125831.749662503 -0.018708654 -0.999815967 -0.004339476 17.567960116
2021-04-22-15-14-43-365 0.729257585 -0.016621217 0.684037077 11724548.301606508 -0.683983174 0.009617426 0.729434013 3125831.749614301 -0.018702754 -0.999816010 -0.004355115 17.568058565
2021-04-22-15-14-43-465 0.729257328 -0.016615631 0.684037486 11724548.301554017 -0.683983115 0.009641117 0.729433755 3125831.749504054 -0.018714884 -0.999815874 -0.004334018 17.568245570
2021-04-22-15-14-43-565 0.729260279 -0.016623885 0.684034140 11724548.301562402 -0.683980056 0.009627626 0.729436801 3125831.749447722 -0.018711695 -0.999815867 -0.004349424 17.568407436
2021-04-22-15-14-43-665 0.729254574 -0.016629616 0.684040084 11724548.301542515 -0.683985997 0.009629181 0.729431210 3125831.749349565 -0.018716903 -0.999815757 -0.004352362 17.568630997
2021-04-22-15-14-43-765 0.729259059 -0.016626114 0.684035387 11724548.301429056 -0.683981216 0.009632792 0.729435645 3125831.749255728 -0.018716847 -0.999815780 -0.004347212 17.568893963
2021-04-22-15-14-43-865 0.729267856 -0.016628500 0.684025949 11724548.301349595 -0.683971564 0.009644723 0.729444538 3125831.749147104 -0.018726806 -0.999815625 -0.004339897 17.569156769
2021-04-22-15-14-43-965 0.729270081 -0.016633942 0.684023445 11724548.301285302 -0.683969165 0.009640347 0.729446846 3125831.749035565 -0.018727796 -0.999815577 -0.004346750 17.569422484
2021-04-22-15-14-44-065 0.729238940 -0.016754408 0.684053705 11724548.301348444 -0.683999717 0.009653297 0.729418026 3125831.748896447 -0.018824338 -0.999813440 -0.004420513 17.569422919
2021-04-22-15-14-44-165 0.729248766 -0.016753215 0.684043259 11724548.301156443 -0.683989248 0.009654080 0.729427833 3125831.748992584 -0.018824066 -0.999813453 -0.004418856 17.569273237
2021-04-22-15-14-44-265 0.729247948 -0.016755385 0.684044078 11724548.301030910 -0.683989967 0.009659917 0.729427082 3125831.749074293 -0.018829637 -0.999813360 -0.004416103 17.569169588
2021-04-22-15-14-44-365 0.729253281 -0.016763215 0.684038200 11724548.300921224 -0.683983750 0.009679718 0.729432648 3125831.749133653 -0.018848931 -0.999813037 -0.004406863 17.569069220
2021-04-22-15-14-44-465 0.729247741 -0.016757604 0.684044243 11724548.300825391 -0.683989846 0.009675609 0.729426986 3125831.749192223 -0.018841989 -0.999813171 -0.004406177 17.568938768
2021-04-22-15-14-44-565 0.729246020 -0.016767066 0.684045847 11724548.300789999 -0.683991685 0.009665415 0.729425397 3125831.749300009 -0.018841907 -0.999813111 -0.004420130 17.568811691
2021-04-22-15-14-44-665 0.729248297 -0.016781990 0.684043053 11724548.300782109 -0.683988832 0.009672048 0.729427985 3125831.749388764 -0.018857347 -0.999812797 -0.004425432 17.568716409
2021-04-22-15-14-44-765 0.729247470 -0.016778099 0.684044030 11724548.300751330 -0.683989885 0.009667072 0.729427063 3125831.749466299 -0.018851100 -0.999812910 -0.004426425 17.568625713
2021-04-22-15-14-44-865 0.729243622 -0.016793343 0.684047758 11724548.300757388 -0.683993860 0.009657656 0.729423461 3125831.749537784 -0.018855753 -0.999812745 -0.004443822 17.568522368
2021-04-22-15-14-44-965 0.729228335 -0.016800598 0.684063877 11724548.300799455 -0.684010151 0.009650429 0.729408280 3125831.749576952 -0.018856002 -0.999812693 -0.004454475 17.568465921
2021-04-22-15-14-45-065 0.729240763 -0.016736876 0.684052191 11724548.300728377 -0.683996796 0.009723800 0.729419828 3125831.749587575 -0.018859792 -0.999813051 -0.004357040 17.568631571
2021-04-22-15-14-45-165 0.729247108 -0.016761722 0.684044818 11724548.300722688 -0.683989825 0.009708172 0.729426573 3125831.749740408 -0.018867266 -0.999812787 -0.004385254 17.568587187
2021-04-22-15-14-45-265 0.729242578 -0.016764074 0.684049590 11724548.300744403 -0.683994480 0.009714998 0.729422117 3125831.749836489 -0.018873623 -0.999812681 -0.004382007 17.568630303
2021-04-22-15-14-45-365 0.729240422 -0.016753713 0.684052141 11724548.300741788 -0.683996911 0.009719023 0.729419784 3125831.749914170 -0.018868805 -0.999812815 -0.004372046 17.568722221
2021-04-22-15-14-45-465 0.729241274 -0.016782506 0.684050528 11724548.300772678 -0.683995060 0.009738176 0.729421264 3125831.749938914 -0.018902918 -0.999812146 -0.004377734 17.568777968
2021-04-22-15-14-45-565 0.729236680 -0.016796752 0.684055075 11724548.300815087 -0.683999696 0.009736959 0.729416934 3125831.749944432 -0.018912448 -0.999811919 -0.004388489 17.568868156
2021-04-22-15-14-45-665 0.729230219 -0.016797041 0.684061956 11724548.300851010 -0.684006461 0.009743147 0.729410506 3125831.749915679 -0.018916850 -0.999811854 -0.004384350 17.569000331
2021-04-22-15-14-45-765 0.729236308 -0.016793928 0.684055541 11724548.300833624 -0.683999742 0.009758469 0.729416604 3125831.749874142 -0.018925102 -0.999811757 -0.004370875 17.569177304
2021-04-22-15-14-45-865 0.729244658 -0.016807630 0.684046304 11724548.300825374 -0.683990564 0.009758320 0.729425211 3125831.749837350 -0.018935048 -0.999811528 -0.004380120 17.569324561
2021-04-22-15-14-45-965 0.729242061 -0.016824427 0.684048658 11724548.300867684 -0.683993280 0.009743237 0.729422866 3125831.749778870 -0.018936966 -0.999811392 -0.004402679 17.569480978
2021-04-22-15-14-46-065 0.729237551 -0.016836765 0.684053164 11724548.300883431 -0.684000939 0.009579185 0.729417856 3125831.749869032 -0.018833705 -0.999812770 -0.004530924 17.569335913
2021-04-22-15-14-46-165 0.729240410 -0.016831435 0.684050248 11724548.300748954 -0.683998076 0.009575044 0.729420596 3125831.749748734 -0.018827002 -0.999812899 -0.004530222 17.569354749
2021-04-22-15-14-46-265 0.729237732 -0.016852401 0.684052585 11724548.300719554 -0.684000757 0.009561954 0.729418254 3125831.749647506 -0.018833325 -0.999812671 -0.004554180 17.569347766
2021-04-22-15-14-46-365 0.729231426 -0.016857401 0.684059185 11724548.300740968 -0.684007244 0.009569222 0.729412075 3125831.749478665 -0.018841903 -0.999812517 -0.004552470 17.569393715
2021-04-22-15-14-46-465 0.729233556 -0.016872779 0.684056535 11724548.300704870 -0.684004648 0.009570047 0.729414499 3125831.749330793 -0.018853700 -0.999812250 -0.004562322 17.569428828
2021-04-22-15-14-46-565 0.729227683 -0.016844379 0.684063495 11724548.300654903 -0.684011642 0.009561501 0.729408053 3125831.749167077 -0.018827096 -0.999812811 -0.004549302 17.569529905
2021-04-22-15-14-46-665 0.729219991 -0.016834318 0.684071943 11724548.300669895 -0.684020298 0.009548131 0.729400110 3125831.748984736 -0.018810559 -0.999813108 -0.004552389 17.569621943
2021-04-22-15-14-46-765 0.729220001 -0.016840174 0.684071788 11724548.300705643 -0.684019665 0.009574957 0.729400352 3125831.748705374 -0.018833183 -0.999812753 -0.004536823 17.569777269
2021-04-22-15-14-46-865 0.729210648 -0.016848467 0.684081554 11724548.300763074 -0.684029439 0.009576589 0.729391164 3125831.748472685 -0.018840288 -0.999812598 -0.004541559 17.569895746
2021-04-22-15-14-46-965 0.729211232 -0.016838148 0.684081186 11724548.300841736 -0.684029268 0.009563665 0.729391495 3125831.748272513 -0.018823922 -0.999812896 -0.004543917 17.570074736
2021-04-22-15-14-47-065 0.729238279 -0.016774028 0.684053928 11724548.300785234 -0.684001377 0.009581548 0.729417415 3125831.748206787 -0.018789561 -0.999813802 -0.004486288 17.570241919
2021-04-22-15-14-47-165 0.729243961 -0.016776542 0.684047809 11724548.300729277 -0.683994919 0.009600143 0.729423227 3125831.748380592 -0.018804153 -0.999813581 -0.004474285 17.570012510
2021-04-22-15-14-47-265 0.729243985 -0.016779277 0.684047718 11724548.300721541 -0.683994992 0.009591994 0.729423264 3125831.748582379 -0.018800573 -0.999813613 -0.004482101 17.569778029
2021-04-22-15-14-47-365 0.729237096 -0.016770952 0.684055266 11724548.300717857 -0.684002360 0.009599674 0.729416255 3125831.748763344 -0.018799709 -0.999813679 -0.004470994 17.569593916
2021-04-22-15-14-47-465 0.729230005 -0.016742756 0.684063515 11724548.300692705 -0.684010494 0.009599247 0.729408633 3125831.748913602 -0.018778802 -0.999814156 -0.004452224 17.569427591
2021-04-22-15-14-47-565 0.729232273 -0.016759787 0.684060680 11724548.300769087 -0.684007471 0.009613265 0.729411283 3125831.749032731 -0.018800830 -0.999813736 -0.004453579 17.569241882
2021-04-22-15-14-47-665 0.729234489 -0.016782105 0.684057770 11724548.300844133 -0.684004471 0.009623324 0.729413964 3125831.749141369 -0.018824008 -0.999813265 -0.004461438 17.569069899
2021-04-22-15-14-47-765 0.729232569 -0.016769293 0.684060132 11724548.300862595 -0.684006979 0.009612493 0.729411755 3125831.749250907 -0.018807238 -0.999813584 -0.004460633 17.568935003
2021-04-22-15-14-47-865 0.729233003 -0.016758415 0.684059936 11724548.300862977 -0.684006660 0.009616502 0.729412001 3125831.749302038 -0.018802048 -0.999813728 -0.004450259 17.568836654
2021-04-22-15-14-47-965 0.729232319 -0.016781629 0.684060095 11724548.300925685 -0.684007125 0.009605735 0.729411706 3125831.749345751 -0.018811613 -0.999813442 -0.004474004 17.568725564
2021-04-22-15-14-48-065 0.729236962 -0.016768466 0.684055468 11724548.300899088 -0.684003466 0.009551008 0.729415856 3125831.749430106 -0.018764601 -0.999814187 -0.004504803 17.568567066
2021-04-22-15-14-48-165 0.729239220 -0.016757546 0.684053329 11724548.300812872 -0.684001162 0.009557116 0.729417936 3125831.749475267 -0.018760828 -0.999814312 -0.004492820 17.568577267
2021-04-22-15-14-48-265 0.729235176 -0.016767500 0.684057396 11724548.300784523 -0.684005671 0.009536092 0.729413985 3125831.749563233 -0.018753681 -0.999814345 -0.004515074 17.568604446
2021-04-22-15-14-48-365 0.729233821 -0.016770061 0.684058778 11724548.300754324 -0.684006510 0.009565628 0.729412811 3125831.749557350 -0.018775746 -0.999814021 -0.004495315 17.568693345
2021-04-22-15-14-48-465 0.729231428 -0.016770148 0.684061327 11724548.300749825 -0.684008736 0.009582836 0.729410497 3125831.749536419 -0.018787566 -0.999813854 -0.004482885 17.568785206
2021-04-22-15-14-48-565 0.729221237 -0.016795598 0.684071566 11724548.300769895 -0.684018762 0.009600391 0.729400864 3125831.749514602 -0.018818075 -0.999813259 -0.004487757 17.568849629
2021-04-22-15-14-48-665 0.729222877 -0.016785393 0.684070070 11724548.300718898 -0.684017062 0.009608722 0.729402349 3125831.749530473 -0.018816341 -0.999813350 -0.004474657 17.568910363
2021-04-22-15-14-48-765 0.729211760 -0.016771946 0.684082249 11724548.300610684 -0.684029794 0.009576328 0.729390835 3125831.749589136 -0.018784296 -0.999813887 -0.004489402 17.568948941
2021-04-22-15-14-48-865 0.729203587 -0.016754512 0.684091389 11724548.300493132 -0.684038738 0.009582624 0.729382363 3125831.749575502 -0.018775832 -0.999814118 -0.004473114 17.569043431
2021-04-22-15-14-48-965 0.729192905 -0.016763272 0.684102560 11724548.300480073 -0.684049538 0.009604720 0.729371945 3125831.749517876 -0.018797270 -0.999813760 -0.004463278 17.569151160
2021-04-22-15-14-49-065 0.729228323 -0.016739742 0.684065382 11724548.300382189 -0.684012648 0.009583265 0.729406823 3125831.749612383 -0.018765659 -0.999814360 -0.004461870 17.569188929
2021-04-22-15-14-49-165 0.729226047 -0.016715805 0.684068393 11724548.300446544 -0.684015390 0.009591969 0.729404138 3125831.749572070 -0.018754137 -0.999814677 -0.004439217 17.569073726
2021-04-22-15-14-49-265 0.729219938 -0.016707592 0.684075106 11724548.300534429 -0.684022339 0.009577481 0.729397811 3125831.749535680 -0.018738194 -0.999814954 -0.004444339 17.568930497
2021-04-22-15-14-49-365 0.729212707 -0.016717689 0.684082568 11724548.300663825 -0.684029671 0.009586954 0.729390811 3125831.749459706 -0.018751994 -0.999814693 -0.004444530 17.568815355
2021-04-22-15-14-49-465 0.729209128 -0.016714669 0.684086456 11724548.300750114 -0.684033153 0.009607909 0.729387269 3125831.749377843 -0.018764104 -0.999814543 -0.004427275 17.568733339
2021-04-22-15-14-49-565 0.729206111 -0.016707435 0.684089849 11724548.300819179 -0.684036730 0.009596478 0.729384066 3125831.749326783 -0.018750986 -0.999814774 -0.004430751 17.568577960
