2021-04-22-15-14-28-454 0.728809450 -0.684139602 0.028097781 11724547.915851910 0.684409360 0.729097611 0.000026674 3125831.325893703 -0.020504329 0.019210937 0.999605624 17.912271924
2021-04-22-15-14-28-554 0.728814657 -0.684133366 0.028114577 11724547.915951815 0.684403015 0.729103565 0.000047594 3125831.325787907 -0.020531053 0.019207007 0.999605151 17.912169699
2021-04-22-15-14-28-653 0.728804834 -0.684143693 0.028117883 11724547.916005502 0.684413093 0.729094104 0.000063053 3125831.325707480 -0.020543773 0.019198287 0.999605057 17.912070389
2021-04-22-15-14-28-753 0.728800224 -0.684148842 0.028112114 11724547.916036645 0.684418179 0.729089330 0.000060831 3125831.325611976 -0.020537913 0.019196102 0.999605220 17.911992349
2021-04-22-15-14-28-853 0.728802428 -0.684146320 0.028116355 11724547.916103942 0.684415632 0.729091721 0.000065923 3125831.325522338 -0.020544557 0.019195222 0.999605100 17.911857553
2021-04-22-15-14-28-953 0.728794587 -0.684153405 0.028147163 11724547.916278107 0.684423283 0.729084539 0.000067342 3125831.325470912 -0.020567787 0.019215489 0.999604233 17.911769894
2021-04-22-15-14-29-053 0.728812158 -0.684136719 0.028097762 11724547.916285440 0.684408901 0.729098037 -0.000091795 3125831.325202529 -0.020423277 0.019297254 0.999605621 17.911932441
2021-04-22-15-14-29-153 0.728817058 -0.684132461 0.028074289 11724547.916044241 0.684403608 0.729103008 -0.000063342 3125831.325343859 -0.020425768 0.019260302 0.999606282 17.911954371
2021-04-22-15-14-29-253 0.728800018 -0.684150690 0.028072451 11724547.915812416 0.684421658 0.729086066 -0.000055984 3125831.325497853 -0.020428985 0.019254189 0.999606335 17.911999606
2021-04-22-15-14-29-353 0.728790177 -0.684159258 0.028119084 11724547.915742746 0.684431517 0.729076808 -0.000074931 3125831.325598372 -0.020449761 0.019300190 0.999605022 17.912053702
2021-04-22-15-14-29-453 0.728798067 -0.684149878 0.028142814 11724547.915651830 0.684423189 0.729084622 -0.000104169 3125831.325655945 -0.020447279 0.019337506 0.999604353 17.912140976
2021-04-22-15-14-29-553 0.728789160 -0.684160131 0.028124211 11724547.915438810 0.684432649 0.729075744 -0.000082764 3125831.325868888 -0.020448110 0.019309439 0.999604878 17.912234677
2021-04-22-15-14-29-653 0.728786229 -0.684163347 0.028121905 11724547.915258788 0.684434892 0.729073643 -0.000037293 3125831.326132983 -0.020477478 0.019274785 0.999604946 17.912290022
2021-04-22-15-14-29-753 0.728779554 -0.684170027 0.028132396 11724547.915180160 0.684442169 0.729066810 -0.000056497 3125831.326280010 -0.020471797 0.019296165 0.999604650 17.912398173
2021-04-22-15-14-29-853 0.728787092 -0.684162576 0.028118327 11724547.915127648 0.684434828 0.729073700 -0.000075268 3125831.326422580 -0.020448891 0.019300010 0.999605044 17.912541584
2021-04-22-15-14-29-953 0.728772510 -0.684178816 0.028101092 11724547.915084716 0.684450636 0.729058860 -0.000070110 3125831.326670121 -0.020439436 0.019284898 0.999605529 17.912653926
2021-04-22-15-14-30-053 0.728830325 -0.684117425 0.028096292 11724547.915128859 0.684390764 0.729115052 -0.000150231 3125831.326694617 -0.020382708 0.019338328 0.999605655 17.912834943
2021-04-22-15-14-30-153 0.728826116 -0.684122238 0.028088256 11724547.914976336 0.684395363 0.729110736 -0.000147285 3125831.326673904 -0.020378742 0.019330811 0.999605881 17.912848553
2021-04-22-15-14-30-253 0.728826194 -0.684122404 0.028082187 11724547.914859734 0.684395284 0.729110811 -0.000140975 3125831.326679720 -0.020378636 0.019322057 0.999606053 17.912822103
2021-04-22-15-14-30-353 0.728818162 -0.684130762 0.028087026 11724547.914799498 0.684403644 0.729102964 -0.000136328 3125831.326771758 -0.020385122 0.019322214 0.999605918 17.912793921
2021-04-22-15-14-30-453 0.728816224 -0.684133091 0.028080601 11724547.914774990 0.684405777 0.729100963 -0.000132747 3125831.326854160 -0.020382831 0.019315267 0.999606099 17.912780324
2021-04-22-15-14-30-553 0.728802810 -0.684147736 0.028071936 11724547.914808692 0.684420192 0.729087432 -0.000129422 3125831.326966487 -0.020378407 0.019307317 0.999606342 17.912769947
2021-04-22-15-14-30-654 0.728791311 -0.684160014 0.028071280 11724547.914887730 0.684432710 0.729075678 -0.000141613 3125831.327079839 -0.020369255 0.019316101 0.999606359 17.912810449
2021-04-22-15-14-30-754 0.728784054 -0.684167184 0.028084930 11724547.915032765 0.684440168 0.729068677 -0.000142662 3125831.327231986 -0.020378291 0.019326418 0.999605975 17.912812402
2021-04-22-15-14-30-854 0.728787900 -0.684164279 0.028055849 11724547.915111244 0.684436551 0.729072073 -0.000135347 3125831.327405606 -0.020362190 0.019301082 0.999606793 17.912840902
2021-04-22-15-14-30-954 0.728783114 -0.684169805 0.028045416 11724547.915265583 0.684441631 0.729067307 -0.000123221 3125831.327600027 -0.020362746 0.019285244 0.999607087 17.912867342
2021-04-22-15-14-31-054 0.728836519 -0.684117256 0.027939279 11724547.915334344 0.684389536 0.729116178 -0.000247596 3125831.327516146 -0.020201650 0.019301800 0.999610037 17.913132744
2021-04-22-15-14-31-155 0.728830133 -0.684123982 0.027941178 11724547.915209331 0.684396620 0.729109523 -0.000263406 3125831.327484350 -0.020192030 0.019314820 0.999609979 17.913149605
2021-04-22-15-14-31-255 0.728814064 -0.684142018 0.027918707 11724547.915041121 0.684414286 0.729092939 -0.000266232 3125831.327493041 -0.020173246 0.019301989 0.999610607 17.913187360
2021-04-22-15-14-31-355 0.728808359 -0.684147364 0.027936625 11724547.915016888 0.684420077 0.729087502 -0.000270953 3125831.327513240 -0.020182926 0.019317854 0.999610105 17.913194384
2021-04-22-15-14-31-455 0.728813931 -0.684141239 0.027941271 11724547.914982598 0.684414130 0.729093082 -0.000275512 3125831.327500416 -0.020183352 0.019324191 0.999609973 17.913244296
2021-04-22-15-14-31-555 0.728803782 -0.684151899 0.027944973 11724547.914939133 0.684425031 0.729082846 -0.000283688 3125831.327532880 -0.020180169 0.019332985 0.999609868 17.913285990
2021-04-22-15-14-31-655 0.728801429 -0.684155037 0.027929513 11724547.914857917 0.684428054 0.729080004 -0.000292739 3125831.327543774 -0.020162624 0.019329084 0.999610297 17.913334593
2021-04-22-15-14-31-755 0.728787910 -0.684169363 0.027931352 11724547.914841428 0.684443008 0.729065954 -0.000321840 3125831.327517036 -0.020143659 0.019351964 0.999610237 17.913407507
2021-04-22-15-14-31-855 0.728794190 -0.684161872 0.027950966 11724547.914890779 0.684436027 0.729072505 -0.000328449 3125831.327481525 -0.020153622 0.019370014 0.999609687 17.913440638
2021-04-22-15-14-31-956 0.728788427 -0.684167833 0.027955311 11724547.914898671 0.684441950 0.729066947 -0.000322229 3125831.327541163 -0.020160888 0.019368618 0.999609567 17.913467124
2021-04-22-15-14-32-056 0.728832744 -0.684123431 0.027886532 11724547.914840812 0.684397556 0.729108588 -0.000389811 3125831.327450099 -0.020065686 0.019369575 0.999611464 17.913603048
2021-04-22-15-14-32-156 0.728834858 -0.684120272 0.027908735 11724547.914794704 0.684395159 0.729110829 -0.000406308 3125831.327462564 -0.020070652 0.019396727 0.999610838 17.913576671
2021-04-22-15-14-32-256 0.728835916 -0.684118604 0.027921983 11724547.914757118 0.684394034 0.729111877 -0.000420545 3125831.327486864 -0.020070601 0.019416141 0.999610462 17.913540926
2021-04-22-15-14-32-356 0.728839156 -0.684115260 0.027919373 11724547.914686406 0.684390257 0.729115433 -0.000401605 3125831.327582518 -0.020081755 0.019400447 0.999610542 17.913460195
2021-04-22-15-14-32-456 0.728832892 -0.684123200 0.027888313 11724547.914561721 0.684397628 0.729108513 -0.000403149 3125831.327646241 -0.020057857 0.019380517 0.999611409 17.913391044
2021-04-22-15-14-32-556 0.728832182 -0.684123390 0.027902191 11724547.914566396 0.684398099 0.729108070 -0.000403719 3125831.327672352 -0.020067573 0.019390444 0.999611022 17.913301085
2021-04-22-15-14-32-656 0.728827543 -0.684128358 0.027901546 11724547.914509108 0.684403415 0.729103070 -0.000421583 3125831.327685256 -0.020054739 0.019403168 0.999611032 17.913206133
2021-04-22-15-14-32-756 0.728817784 -0.684138601 0.027905329 11724547.914380390 0.684413372 0.729093734 -0.000403533 3125831.327754470 -0.020069582 0.019392876 0.999610934 17.913077858
2021-04-22-15-14-32-856 0.728827072 -0.684128999 0.027898179 11724547.914242988 0.684403882 0.729102635 -0.000416187 3125831.327743658 -0.020055964 0.019396944 0.999611129 17.912973102
2021-04-22-15-14-32-956 0.728818445 -0.684137458 0.027916073 11724547.914183123 0.684412696 0.729094361 -0.000416344 3125831.327741428 -0.020068669 0.019409548 0.999610628 17.912864403
2021-04-22-15-14-33-055 0.728839772 -0.684114560 0.027920420 11724547.914135860 0.684387494 0.729118076 -0.000298072 3125831.327841913 -0.020153421 0.019325626 0.999610550 17.912696238
2021-04-22-15-14-33-156 0.728847457 -0.684106756 0.027911038 11724547.913997127 0.684379550 0.729125531 -0.000300351 3125831.327684790 -0.020145234 0.019320647 0.999610811 17.912761865
2021-04-22-15-14-33-256 0.728840593 -0.684113674 0.027920730 11724547.913892355 0.684386236 0.729119263 -0.000279429 3125831.327583848 -0.020166434 0.019312216 0.999610547 17.912812280
2021-04-22-15-14-33-355 0.728842404 -0.684111129 0.027935800 11724547.913839677 0.684384221 0.729121151 -0.000291226 3125831.327450176 -0.020169406 0.019331072 0.999610122 17.912887366
2021-04-22-15-14-33-455 0.728842286 -0.684111432 0.027931459 11724547.913757531 0.684384690 0.729120706 -0.000303618 3125831.327266279 -0.020157750 0.019337146 0.999610239 17.912984988
2021-04-22-15-14-33-555 0.728842775 -0.684111226 0.027923693 11724547.913674021 0.684384389 0.729120988 -0.000306329 3125831.327114486 -0.020150241 0.019333799 0.999610456 17.913080045
2021-04-22-15-14-33-655 0.728841135 -0.684113172 0.027918860 11724547.913594732 0.684385775 0.729119697 -0.000283172 3125831.326988676 -0.020162523 0.019313652 0.999610598 17.913169747
2021-04-22-15-14-33-755 0.728835273 -0.684119497 0.027916920 11724547.913524721 0.684392219 0.729113644 -0.000290913 3125831.326791800 -0.020155642 0.019318143 0.999610649 17.913296219
2021-04-22-15-14-33-855 0.728836924 -0.684117697 0.027917940 11724547.913437355 0.684390514 0.729115242 -0.000294652 3125831.326595904 -0.020153873 0.019321520 0.999610620 17.913453616
2021-04-22-15-14-33-955 0.728846348 -0.684107825 0.027913781 11724547.913352385 0.684380390 0.729124749 -0.000286272 3125831.326440088 -0.020156841 0.019312287 0.999610738 17.913617884
2021-04-22-15-14-34-055 0.728835497 -0.684120329 0.027890650 11724547.913227633 0.684392937 0.729112961 -0.000310381 3125831.326279222 -0.020123151 0.019314375 0.999611376 17.913799134
2021-04-22-15-14-34-155 0.728839258 -0.684115919 0.027900555 11724547.913328817 0.684388678 0.729116961 -0.000308447 3125831.326316225 -0.020131809 0.019319626 0.999611101 17.913719363
2021-04-22-15-14-34-255 0.728831151 -0.684124431 0.027903599 11724547.913436009 0.684397282 0.729108884 -0.000309955 3125831.326376117 -0.020132768 0.019323047 0.999611015 17.913676528
2021-04-22-15-14-34-356 0.728823539 -0.684132967 0.027893127 11724547.913479153 0.684405452 0.729101217 -0.000301654 3125831.326442862 -0.020130595 0.019310055 0.999611311 17.913650689
2021-04-22-15-14-34-456 0.728830608 -0.684125382 0.027894468 11724547.913572943 0.684397979 0.729108231 -0.000306038 3125831.326448319 -0.020128771 0.019313961 0.999611272 17.913609478
2021-04-22-15-14-34-556 0.728831988 -0.684124077 0.027890428 11724547.913646258 0.684396441 0.729109678 -0.000298406 3125831.326477037 -0.020131088 0.019305591 0.999611387 17.913595152
2021-04-22-15-14-34-656 0.728843721 -0.684111641 0.027888842 11724547.913704772 0.684383888 0.729121462 -0.000294360 3125831.326530694 -0.020133031 0.019301211 0.999611432 17.913618706
2021-04-22-15-14-34-756 0.728848500 -0.684107708 0.027860405 11724547.913654272 0.684379581 0.729125501 -0.000303097 3125831.326552371 -0.020106435 0.019287997 0.999612223 17.913670093
2021-04-22-15-14-34-856 0.728838586 -0.684118538 0.027853843 11724547.913555633 0.684390301 0.729115438 -0.000303765 3125831.326587117 -0.020100909 0.019284289 0.999612405 17.913730732
2021-04-22-15-14-34-957 0.728847423 -0.684109036 0.027855969 11724547.913447117 0.684380685 0.729124467 -0.000296225 3125831.326584381 -0.020107873 0.019279983 0.999612349 17.913813712
2021-04-22-15-14-35-057 0.728837955 -0.684111128 0.028051664 11724547.913544107 0.684385116 0.729120334 -0.000224742 3125831.326653623 -0.020299345 0.019361936 0.999606895 17.913593425
2021-04-22-15-14-35-157 0.728835302 -0.684114371 0.028041486 11724547.913381312 0.684388135 0.729117501 -0.000223300 3125831.326573698 -0.020292829 0.019354003 0.999607180 17.913462247
2021-04-22-15-14-35-257 0.728834706 -0.684115000 0.028041641 11724547.913236145 0.684388720 0.729116953 -0.000220985 3125831.326486607 -0.020294510 0.019352438 0.999607176 17.913316133
2021-04-22-15-14-35-357 0.728830537 -0.684119494 0.028040367 11724547.913034311 0.684393139 0.729112805 -0.000218436 3125831.326405519 -0.020295208 0.019349831 0.999607213 17.913179720
2021-04-22-15-14-35-457 0.728833572 -0.684116878 0.028025295 11724547.912757473 0.684390218 0.729115547 -0.000217830 3125831.326264680 -0.020284711 0.019338993 0.999607635 17.913063253
2021-04-22-15-14-35-558 0.728836875 -0.684113306 0.028026551 11724547.912483307 0.684386649 0.729118899 -0.000216785 3125831.326104463 -0.020286437 0.019338992 0.999607601 17.912940768
2021-04-22-15-14-35-658 0.728833521 -0.684116357 0.028039350 11724547.912193034 0.684390228 0.729115535 -0.000230582 3125831.325915512 -0.020286235 0.019357906 0.999607239 17.912833524
2021-04-22-15-14-35-758 0.728825173 -0.684125213 0.028040268 11724547.911851775 0.684399341 0.729106977 -0.000242230 3125831.325723099 -0.020278693 0.019367278 0.999607210 17.912752648
2021-04-22-15-14-35-858 0.728808667 -0.684143183 0.028030811 11724547.911473459 0.684416858 0.729090538 -0.000228556 3125831.325555544 -0.020280688 0.019351326 0.999607479 17.912622597
2021-04-22-15-14-35-958 0.728807588 -0.684144470 0.028027430 11724547.911146747 0.684418118 0.729089355 -0.000230390 3125831.325352531 -0.020276935 0.019350385 0.999607573 17.912546669
2021-04-22-15-14-36-058 0.728845561 -0.684103435 0.028041620 11724547.910974707 0.684377084 0.729127876 -0.000217677 3125831.325164637 -0.020297067 0.019349688 0.999607178 17.912412087
2021-04-22-15-14-36-158 0.728840930 -0.684108383 0.028041271 11724547.911192451 0.684382363 0.729122915 -0.000234282 3125831.325314461 -0.020285313 0.019361699 0.999607184 17.912349310
2021-04-22-15-14-36-258 0.728825473 -0.684124949 0.028038854 11724547.911432119 0.684398961 0.729107334 -0.000237829 3125831.325501871 -0.020280684 0.019363092 0.999607251 17.912291212
2021-04-22-15-14-36-358 0.728814678 -0.684136495 0.028037760 11724547.911673214 0.684410213 0.729096776 -0.000224196 3125831.325710215 -0.020288914 0.019352721 0.999607284 17.912237085
2021-04-22-15-14-36-458 0.728808448 -0.684143208 0.028035884 11724547.911913615 0.684416772 0.729090621 -0.000218279 3125831.325886412 -0.020291420 0.019347306 0.999607339 17.912202831
2021-04-22-15-14-36-558 0.728800367 -0.684151646 0.028040062 11724547.912176881 0.684425187 0.729082723 -0.000212978 3125831.326065669 -0.020297870 0.019346536 0.999607223 17.912167341
2021-04-22-15-14-36-658 0.728793515 -0.684158870 0.028041893 11724547.912502825 0.684432607 0.729075756 -0.000220714 3125831.326241741 -0.020293715 0.019353635 0.999607169 17.912143219
2021-04-22-15-14-36-758 0.728794042 -0.684157493 0.028061815 11724547.912902044 0.684431377 0.729076914 -0.000209014 3125831.326431151 -0.020316277 0.019358708 0.999606613 17.912122003
2021-04-22-15-14-36-858 0.728781248 -0.684170739 0.028071114 11724547.913262753 0.684444334 0.729064756 -0.000185693 3125831.326670840 -0.020338667 0.019348438 0.999606357 17.912079451
2021-04-22-15-14-36-958 0.728776922 -0.684175436 0.028068949 11724547.913604602 0.684449007 0.729060370 -0.000186485 3125831.326845550 -0.020336425 0.019347663 0.999606417 17.912108135
2021-04-22-15-14-37-058 0.728838428 -0.684112706 0.028000839 11724547.913915772 0.684384867 0.729120580 -0.000183150 3125831.326909796 -0.020290746 0.019296831 0.999608328 17.912202030
2021-04-22-15-14-37-158 0.728839133 -0.684112040 0.027998723 11724547.913877679 0.684384021 0.729121376 -0.000176191 3125831.326850249 -0.020293987 0.019290287 0.999608389 17.912238242
2021-04-22-15-14-37-257 0.728844553 -0.684105993 0.028005398 11724547.913835142 0.684378694 0.729126368 -0.000205503 3125831.326707419 -0.020278943 0.019316070 0.999608196 17.912299312
2021-04-22-15-14-37-358 0.728849770 -0.684100929 0.027993339 11724547.913811855 0.684373293 0.729131439 -0.000200482 3125831.326637337 -0.020273728 0.019304009 0.999608535 17.912364829
2021-04-22-15-14-37-458 0.728843043 -0.684108226 0.027990171 11724547.913786883 0.684380317 0.729124849 -0.000189915 3125831.326592167 -0.020278460 0.019294335 0.999608625 17.912453387
2021-04-22-15-14-37-558 0.728844977 -0.684106031 0.027993459 11724547.913746184 0.684378286 0.729126753 -0.000194975 3125831.326496416 -0.020277450 0.019300215 0.999608532 17.912559387
2021-04-22-15-14-37-658 0.728840283 -0.684111227 0.027988682 11724547.913691955 0.684383268 0.729122079 -0.000188821 3125831.326435318 -0.020278045 0.019292600 0.999608668 17.912663076
2021-04-22-15-14-37-757 0.728821797 -0.684130795 0.027991736 11724547.913675450 0.684403321 0.729103250 -0.000209422 3125831.326362980 -0.020265648 0.019310261 0.999608577 17.912811042
2021-04-22-15-14-37-857 0.728816964 -0.684135453 0.028003754 11724547.913687957 0.684408369 0.729098510 -0.000217119 3125831.326293425 -0.020269010 0.019324238 0.999608239 17.912954015
2021-04-22-15-14-37-958 0.728813007 -0.684139630 0.028004684 11724547.913683301 0.684412547 0.729094587 -0.000216187 3125831.326227662 -0.020270215 0.019324311 0.999608213 17.913083619
2021-04-22-15-14-38-058 0.728838675 -0.684111416 0.028025900 11724547.913740477 0.684383943 0.729121448 -0.000177322 3125831.326151743 -0.020313030 0.019309709 0.999607627 17.913137902
2021-04-22-15-14-38-158 0.728837687 -0.684111918 0.028039352 11724547.913639300 0.684384802 0.729120641 -0.000182067 3125831.326052611 -0.020319570 0.019322397 0.999607248 17.913159416
2021-04-22-15-14-38-258 0.728830288 -0.684120002 0.028034415 11724547.913462153 0.684392918 0.729113021 -0.000188215 3125831.325942940 -0.020311549 0.019323726 0.999607386 17.913204707
2021-04-22-15-14-38-358 0.728820456 -0.684130204 0.028041085 11724547.913320215 0.684403121 0.729103445 -0.000181770 3125831.325858396 -0.020320552 0.019323877 0.999607200 17.913243928
2021-04-22-15-14-38-458 0.728832769 -0.684117395 0.028033546 11724547.913190203 0.684390036 0.729115730 -0.000175534 3125831.325736851 -0.020319668 0.019313808 0.999607413 17.913303869
2021-04-22-15-14-38-558 0.728835928 -0.684114378 0.028025037 11724547.913058819 0.684386893 0.729118679 -0.000177457 3125831.325588585 -0.020312230 0.019309299 0.999607651 17.913369992
2021-04-22-15-14-38-658 0.728844569 -0.684105660 0.028013116 11724547.912902137 0.684377952 0.729127072 -0.000178003 3125831.325422872 -0.020303402 0.019301290 0.999607985 17.913425779
2021-04-22-15-14-38-758 0.728842223 -0.684107921 0.028018952 11724547.912774717 0.684380330 0.729124840 -0.000178198 3125831.325287541 -0.020307461 0.019305491 0.999607821 17.913476000
2021-04-22-15-14-38-859 0.728850356 -0.684099067 0.028023531 11724547.912674814 0.684371754 0.729132886 -0.000187659 3125831.325138703 -0.020304554 0.019315282 0.999607691 17.913560560
2021-04-22-15-14-38-959 0.728860940 -0.684087770 0.028024078 11724547.912589652 0.684360564 0.729143388 -0.000192676 3125831.325006990 -0.020301818 0.019319002 0.999607674 17.913639363
2021-04-22-15-14-39-059 0.728830753 -0.684121934 0.027975115 11724547.912392013 0.684394637 0.729111395 -0.000234178 3125831.324944578 -0.020236822 0.019316688 0.999609038 17.913771035
2021-04-22-15-14-39-159 0.728819843 -0.684133473 0.027977202 11724547.912475897 0.684405796 0.729100926 -0.000213240 3125831.325141558 -0.020252373 0.019303166 0.999608983 17.913768777
2021-04-22-15-14-39-259 0.728813516 -0.684140449 0.027971394 11724547.912615113 0.684412965 0.729094191 -0.000228145 3125831.325271400 -0.020237752 0.019310254 0.999609143 17.913781446
2021-04-22-15-14-39-359 0.728814028 -0.684140316 0.027961315 11724547.912772560 0.684412784 0.729094360 -0.000235378 3125831.325418932 -0.020225459 0.019308621 0.999609423 17.913809190
2021-04-22-15-14-39-459 0.728811143 -0.684143981 0.027946858 11724547.912962681 0.684415797 0.729091537 -0.000216904 3125831.325669540 -0.020227478 0.019285346 0.999609832 17.913822905
2021-04-22-15-14-39-560 0.728799418 -0.684155710 0.027965493 11724547.913216988 0.684427917 0.729080159 -0.000218244 3125831.325869666 -0.020239827 0.019299414 0.999609311 17.913828227
2021-04-22-15-14-39-660 0.728799368 -0.684156455 0.027948552 11724547.913456075 0.684428807 0.729079316 -0.000241554 3125831.326004788 -0.020211504 0.019304832 0.999609779 17.913869375
2021-04-22-15-14-39-760 0.728799894 -0.684156005 0.027945841 11724547.913728662 0.684428433 0.729079665 -0.000247927 3125831.326202398 -0.020205177 0.019307611 0.999609853 17.913923610
2021-04-22-15-14-39-860 0.728793535 -0.684163406 0.027930510 11724547.913994789 0.684435512 0.729073021 -0.000246506 3125831.326456118 -0.020194784 0.019296278 0.999610282 17.913969864
2021-04-22-15-14-39-960 0.728795337 -0.684160964 0.027943293 11724547.914350368 0.684433681 0.729074733 -0.000264527 3125831.326636252 -0.020191823 0.019318110 0.999609920 17.913992862
2021-04-22-15-14-40-060 0.728838857 -0.684117567 0.027870614 11724547.914562905 0.684389305 0.729116381 -0.000286459 3125831.326699823 -0.020125003 0.019283126 0.999611943 17.914109062
2021-04-22-15-14-40-160 0.728837662 -0.684119686 0.027849810 11724547.914241074 0.684390898 0.729114888 -0.000280191 3125831.326722104 -0.020114081 0.019264364 0.999612525 17.914030273
2021-04-22-15-14-40-260 0.728829621 -0.684128998 0.027831504 11724547.913881989 0.684399812 0.729106522 -0.000277780 3125831.326692613 -0.020102147 0.019250324 0.999613035 17.913896681
2021-04-22-15-14-40-361 0.728839233 -0.684118017 0.027849715 11724547.913621221 0.684389438 0.729116254 -0.000290721 3125831.326583158 -0.020106846 0.019271933 0.999612524 17.913751013
2021-04-22-15-14-40-460 0.728849541 -0.684106701 0.027857904 11724547.913288614 0.684378510 0.729126507 -0.000302395 3125831.326478277 -0.020105121 0.019285745 0.999612293 17.913595914
2021-04-22-15-14-40-560 0.728842204 -0.684114887 0.027848835 11724547.912819976 0.684386137 0.729119356 -0.000283108 3125831.326429856 -0.020111500 0.019265692 0.999612551 17.913409475
2021-04-22-15-14-40-660 0.728841790 -0.684115894 0.027834942 11724547.912317032 0.684386702 0.729118829 -0.000274425 3125831.326333845 -0.020107296 0.019249869 0.999612941 17.913265118
2021-04-22-15-14-40-760 0.728844903 -0.684111767 0.027854841 11724547.911879607 0.684382442 0.729122836 -0.000248860 3125831.326229312 -0.020139407 0.019244739 0.999612392 17.913082921
2021-04-22-15-14-40-860 0.728839486 -0.684117520 0.027855307 11724547.911337644 0.684388451 0.729117191 -0.000261030 3125831.326029948 -0.020131262 0.019254092 0.999612376 17.912958826
2021-04-22-15-14-40-960 0.728832086 -0.684126531 0.027827596 11724547.910729019 0.684396941 0.729109222 -0.000261501 3125831.325828100 -0.020110511 0.019235705 0.999613148 17.912877381
2021-04-22-15-14-41-060 0.728832517 -0.684122151 0.027923841 11724547.910464356 0.684393075 0.729112873 -0.000195159 3125831.325733342 -0.020226173 0.019253115 0.999610479 17.912666029
2021-04-22-15-14-41-160 0.728836453 -0.684117434 0.027936622 11724547.910610186 0.684388457 0.729117208 -0.000188007 3125831.325752721 -0.020240506 0.019256522 0.999610124 17.912802704
2021-04-22-15-14-41-260 0.728836387 -0.684117713 0.027931537 11724547.910688907 0.684388881 0.729116808 -0.000199995 3125831.325726571 -0.020228587 0.019261792 0.999610264 17.912974050
2021-04-22-15-14-41-360 0.728826207 -0.684128848 0.027924434 11724547.910766283 0.684400067 0.729106305 -0.000209076 3125831.325707653 -0.020216900 0.019263859 0.999610460 17.913166929
2021-04-22-15-14-41-460 0.728818082 -0.684138125 0.027909215 11724547.910860291 0.684408440 0.729098453 -0.000178710 3125831.325770558 -0.020226357 0.019231543 0.999610891 17.913382542
2021-04-22-15-14-41-560 0.728818880 -0.684138059 0.027890003 11724547.910941347 0.684407849 0.729099010 -0.000171058 3125831.325730386 -0.020217600 0.019212800 0.999611428 17.913621948
2021-04-22-15-14-41-660 0.728823288 -0.684132944 0.027900263 11724547.911101522 0.684403272 0.729103302 -0.000187960 3125831.325622313 -0.020213638 0.019232015 0.999611140 17.913882541
2021-04-22-15-14-41-760 0.728806189 -0.684151059 0.027902746 11724547.911210446 0.684421316 0.729086367 -0.000181736 3125831.325567831 -0.020219230 0.019229679 0.999611071 17.914176885
2021-04-22-15-14-41-860 0.728801844 -0.684155873 0.027898184 11724547.911284940 0.684425534 0.729082412 -0.000156521 3125831.325539203 -0.020233045 0.019208296 0.999611203 17.914488372
2021-04-22-15-14-41-960 0.728789352 -0.684169251 0.027896451 11724547.911286658 0.684439419 0.729069371 -0.000182990 3125831.325397988 -0.020213306 0.019226786 0.999611247 17.914825090
2021-04-22-15-14-42-060 0.728791765 -0.684165786 0.027918365 11724547.911331700 0.684436583 0.729072031 -0.000193266 3125831.325228976 -0.020222327 0.019249194 0.999610633 17.915138746
2021-04-22-15-14-42-160 0.728833566 -0.684120487 0.027937205 11724547.911454502 0.684390599 0.729115208 -0.000142439 3125831.325419204 -0.020272050 0.019223770 0.999610115 17.915017626
2021-04-22-15-14-42-260 0.728832745 -0.684122827 0.027901291 11724547.911396699 0.684392234 0.729113675 -0.000141617 3125831.325649675 -0.020246383 0.019198635 0.999611118 17.914920234
2021-04-22-15-14-42-360 0.728826475 -0.684129091 0.027911498 11724547.911361650 0.684398751 0.729107556 -0.000144391 3125831.325859651 -0.020251755 0.019207824 0.999610833 17.914821572
2021-04-22-15-14-42-460 0.728823829 -0.684132089 0.027907134 11724547.911313105 0.684401740 0.729104750 -0.000147992 3125831.326084105 -0.020246032 0.019207544 0.999610954 17.914736244
2021-04-22-15-14-42-560 0.728825448 -0.684130024 0.027915437 11724547.911268268 0.684399978 0.729106402 -0.000155094 3125831.326297721 -0.020247273 0.019218355 0.999610722 17.914665464
2021-04-22-15-14-42-660 0.728818256 -0.684138441 0.027896919 11724547.911138315 0.684408283 0.729098604 -0.000167004 3125831.326522162 -0.020225405 0.019214593 0.999611236 17.914617169
2021-04-22-15-14-42-761 0.728822643 -0.684132845 0.027919518 11724547.911049793 0.684402917 0.729103643 -0.000156988 3125831.326737273 -0.020248876 0.019222610 0.999610607 17.914543123
2021-04-22-15-14-42-861 0.728817151 -0.684138436 0.027925926 11724547.910904011 0.684408657 0.729098256 -0.000158168 3125831.326917396 -0.020252589 0.019228015 0.999610428 17.914504059
2021-04-22-15-14-42-961 0.728813284 -0.684142654 0.027923481 11724547.910703888 0.684412690 0.729094470 -0.000151264 3125831.327084715 -0.020255423 0.019221422 0.999610497 17.914492275
2021-04-22-15-14-43-061 0.728818046 -0.684131923 0.028061755 11724547.910771700 0.684404254 0.729102393 -0.000133221 3125831.327215152 -0.020368806 0.019302673 0.999606628 17.914326872
2021-04-22-15-14-43-161 0.728820582 -0.684128670 0.028075223 11724547.910801912 0.684401312 0.729105154 -0.000135817 3125831.327155590 -0.020376927 0.019313699 0.999606249 17.914397661
2021-04-22-15-14-43-261 0.728824869 -0.684123346 0.028093649 11724547.910839347 0.684396180 0.729109972 -0.000127851 3125831.327110984 -0.020395948 0.019320360 0.999605732 17.914492960
2021-04-22-15-14-43-362 0.728814453 -0.684134143 0.028100946 11724547.910790671 0.684406884 0.729099927 -0.000116145 3125831.327060642 -0.020408992 0.019317124 0.999605529 17.914603553
2021-04-22-15-14-43-462 0.728813584 -0.684135322 0.028094790 11724547.910732256 0.684408436 0.729098466 -0.000140284 3125831.326942850 -0.020387949 0.019330546 0.999605699 17.914777709
2021-04-22-15-14-43-562 0.728810847 -0.684137876 0.028103568 11724547.910745908 0.684410909 0.729096147 -0.000127894 3125831.326887607 -0.020402760 0.019327593 0.999605454 17.914946741
2021-04-22-15-14-43-662 0.728817456 -0.684130718 0.028106453 11724547.910725394 0.684403840 0.729102782 -0.000129668 3125831.326790350 -0.020403837 0.019330662 0.999605373 17.915173416
2021-04-22-15-14-43-762 0.728814119 -0.684134371 0.028104059 11724547.910616333 0.684407388 0.729099451 -0.000126745 3125831.326701524 -0.020403997 0.019326993 0.999605440 17.915427596
2021-04-22-15-14-43-862 0.728804593 -0.684144467 0.028105322 11724547.910539743 0.684417829 0.729089648 -0.000142261 3125831.326579100 -0.020394027 0.019339457 0.999605402 17.915690636
2021-04-22-15-14-43-962 0.728803054 -0.684145853 0.028111480 11724547.910482053 0.684419258 0.729088308 -0.000138493 3125831.326466063 -0.020401056 0.019340966 0.999605229 17.915958136
2021-04-22-15-14-44-062 0.728827829 -0.684114465 0.028232787 11724547.910569480 0.684390473 0.729115325 -0.000151333 3125831.326336726 -0.020481483 0.019432540 0.999601809 17.916012337
2021-04-22-15-14-44-162 0.728818552 -0.684124481 0.028229577 11724547.910384657 0.684400467 0.729105944 -0.000153063 3125831.326422128 -0.020477692 0.019431884 0.999601899 17.915867029
2021-04-22-15-14-44-262 0.728819058 -0.684123725 0.028234811 11724547.910257943 0.684399900 0.729106475 -0.000157287 3125831.326506630 -0.020478633 0.019438528 0.999601751 17.915752985
2021-04-22-15-14-44-362 0.728813440 -0.684129369 0.028243085 11724547.910158798 0.684406136 0.729100616 -0.000178332 3125831.326552968 -0.020470102 0.019459706 0.999601514 17.915653373
2021-04-22-15-14-44-462 0.728818062 -0.684124793 0.028234628 11724547.910047457 0.684401359 0.729105101 -0.000176518 3125831.326616212 -0.020465304 0.019452461 0.999601753 17.915522702
2021-04-22-15-14-44-562 0.728821102 -0.684121096 0.028245744 11724547.910020899 0.684397592 0.729108640 -0.000162674 3125831.326728505 -0.020482980 0.019449872 0.999601441 17.915400617
2021-04-22-15-14-44-662 0.728818037 -0.684123703 0.028261692 11724547.910017556 0.684400702 0.729105719 -0.000172037 3125831.326812746 -0.020488121 0.019467699 0.999600989 17.915307240
2021-04-22-15-14-44-762 0.728817449 -0.684124501 0.028257536 11724547.909985553 0.684401296 0.729105162 -0.000166035 3125831.326894332 -0.020489181 0.019460498 0.999601107 17.915220581
2021-04-22-15-14-44-862 0.728821202 -0.684119973 0.028270365 11724547.909987979 0.684396760 0.729109424 -0.000153507 3125831.326976396 -0.020507226 0.019460019 0.999600746 17.915121940
2021-04-22-15-14-44-962 0.728835521 -0.684104378 0.028278559 11724547.910026435 0.684381219 0.729124013 -0.000148612 3125831.327023974 -0.020516964 0.019461622 0.999600516 17.915075454
2021-04-22-15-14-45-062 0.728826038 -0.684117153 0.028213888 11724547.909937322 0.684394298 0.729111716 -0.000224822 3125831.326997568 -0.020417325 0.019473274 0.999602329 17.915184346
2021-04-22-15-14-45-162 0.728820667 -0.684121719 0.028241876 11724547.909952668 0.684398976 0.729107331 -0.000203486 3125831.327153688 -0.020452204 0.019477009 0.999601543 17.915147589
2021-04-22-15-14-45-262 0.728823969 -0.684118216 0.028241526 11724547.909964871 0.684395635 0.729110464 -0.000211829 3125831.327254022 -0.020446331 0.019482756 0.999601551 17.915191788
2021-04-22-15-14-45-362 0.728825845 -0.684116725 0.028229214 11724547.909955762 0.684394025 0.729111974 -0.000217800 3125831.327327146 -0.020433310 0.019478638 0.999601898 17.915283506
2021-04-22-15-14-45-462 0.728822902 -0.684118597 0.028259850 11724547.909996318 0.684396860 0.729109307 -0.000235623 3125831.327352441 -0.020443380 0.019512673 0.999601028 17.915337436
2021-04-22-15-14-45-562 0.728827956 -0.684112551 0.028275817 11724547.910046417 0.684391127 0.729114689 -0.000235776 3125831.327354732 -0.020455070 0.019523552 0.999600576 17.915431445
2021-04-22-15-14-45-662 0.728834134 -0.684105990 0.028275346 11724547.910075335 0.684384706 0.729120712 -0.000243221 3125831.327330923 -0.020449805 0.019528475 0.999600588 17.915562537
2021-04-22-15-14-45-762 0.728828776 -0.684111765 0.028273731 11724547.910065928 0.684390769 0.729115017 -0.000258698 3125831.327275959 -0.020437877 0.019538821 0.999600630 17.915730472
2021-04-22-15-14-45-862 0.728820651 -0.684119845 0.028287659 11724547.910067769 0.684399090 0.729107206 -0.000257044 3125831.327239648 -0.020448941 0.019547380 0.999600236 17.915879632
2021-04-22-15-14-45-962 0.728821962 -0.684117742 0.028304718 11724547.910113530 0.684397010 0.729109165 -0.000241850 3125831.327185200 -0.020471829 0.019547923 0.999599757 17.916050016
2021-04-22-15-14-46-062 0.728826037 -0.684112926 0.028316196 11724547.910133138 0.684389069 0.729116654 -0.000078887 3125831.327337211 -0.020591896 0.019436783 0.999599458 17.915986096
2021-04-22-15-14-46-162 0.728824745 -0.684114652 0.028307771 11724547.909998978 0.684390486 0.729115325 -0.000071815 3125831.327221036 -0.020590553 0.019425903 0.999599697 17.916003547
2021-04-22-15-14-46-262 0.728824823 -0.684113641 0.028330158 11724547.909968579 0.684389645 0.729116115 -0.000058991 3125831.327125330 -0.020615672 0.019431855 0.999599064 17.916009194
2021-04-22-15-14-46-363 0.728831296 -0.684106496 0.028336217 11724547.909992592 0.684382797 0.729122542 -0.000067869 3125831.326956115 -0.020614198 0.019442279 0.999598891 17.916054945
2021-04-22-15-14-46-463 0.728828151 -0.684109214 0.028351466 11724547.909961052 0.684385860 0.729119667 -0.000070133 3125831.326803634 -0.020623687 0.019454451 0.999598459 17.916095821
2021-04-22-15-14-46-563 0.728834937 -0.684103187 0.028322403 11724547.909896895 0.684379080 0.729126033 -0.000061081 3125831.326649900 -0.020608870 0.019427771 0.999599284 17.916190151
2021-04-22-15-14-46-663 0.728843264 -0.684094741 0.028312131 11724547.909900814 0.684370094 0.729134467 -0.000044810 3125831.326480011 -0.020612750 0.019408630 0.999599575 17.916280428
2021-04-22-15-14-46-763 0.728843918 -0.684093691 0.028320686 11724547.909946362 0.684369798 0.729134744 -0.000073320 3125831.326189328 -0.020599492 0.019435255 0.999599331 17.916425680
2021-04-22-15-14-46-863 0.728851845 -0.684084970 0.028327303 11724547.909993982 0.684361229 0.729142785 -0.000074623 3125831.325961680 -0.020603654 0.019440491 0.999599144 17.916548409
2021-04-22-15-14-46-964 0.728852281 -0.684084923 0.028317225 11724547.910071814 0.684360748 0.729143239 -0.000063075 3125831.325761904 -0.020604219 0.019425163 0.999599431 17.916730398
2021-04-22-15-14-47-064 0.728827842 -0.684113649 0.028252204 11724547.910008591 0.684388592 0.729117102 -0.000081026 3125831.325669918 -0.020543788 0.019394534 0.999601268 17.916869601
2021-04-22-15-14-47-164 0.728821442 -0.684120349 0.028255069 11724547.909957333 0.684395715 0.729110413 -0.000098794 3125831.325834261 -0.020533532 0.019409645 0.999601186 17.916633787
2021-04-22-15-14-47-264 0.728821631 -0.684120080 0.028256699 11724547.909948701 0.684395288 0.729110815 -0.000089591 3125831.326041321 -0.020541029 0.019404041 0.999601140 17.916401531
2021-04-22-15-14-47-364 0.728828849 -0.684112664 0.028250096 11724547.909940831 0.684387915 0.729117735 -0.000098079 3125831.326221213 -0.020530602 0.019405501 0.999601326 17.916212182
2021-04-22-15-14-47-464 0.728837008 -0.684105147 0.028221583 11724547.909899620 0.684379856 0.729125299 -0.000098717 3125831.326376694 -0.020509591 0.019386226 0.999602132 17.916034088
2021-04-22-15-14-47-564 0.728834137 -0.684107482 0.028239107 11724547.909984160 0.684382825 0.729122510 -0.000112972 3125831.326487984 -0.020512538 0.019408691 0.999601636 17.915850661
2021-04-22-15-14-47-664 0.728830935 -0.684110007 0.028260614 11724547.910067260 0.684385955 0.729119571 -0.000122100 3125831.326594519 -0.020521891 0.019430151 0.999601027 17.915680450
2021-04-22-15-14-47-764 0.728833601 -0.684107670 0.028248430 11724547.910081824 0.684383153 0.729122204 -0.000110973 3125831.326708043 -0.020520694 0.019413623 0.999601372 17.915547011
2021-04-22-15-14-47-864 0.728833167 -0.684108601 0.028237067 11724547.910076609 0.684383934 0.729121470 -0.000114426 3125831.326760801 -0.020510026 0.019408386 0.999601693 17.915440034
2021-04-22-15-14-47-964 0.728833095 -0.684107739 0.028259786 11724547.910147471 0.684383296 0.729122069 -0.000103902 3125831.326806553 -0.020533808 0.019416246 0.999601052 17.915344858
2021-04-22-15-14-48-064 0.728829427 -0.684112146 0.028247697 11724547.910121661 0.684386371 0.729119189 -0.000050371 3125831.326905979 -0.020561532 0.019369044 0.999601398 17.915202770
2021-04-22-15-14-48-164 0.728827356 -0.684114823 0.028236310 11724547.910032108 0.684388942 0.729116776 -0.000055920 3125831.326948128 -0.020549366 0.019365367 0.999601719 17.915205348
2021-04-22-15-14-48-264 0.728830809 -0.684110749 0.028245868 11724547.910003403 0.684384595 0.729120857 -0.000033694 3125831.327048381 -0.020571655 0.019355589 0.999601450 17.915243962
2021-04-22-15-14-48-364 0.728832175 -0.684109173 0.028248814 11724547.909973975 0.684383699 0.729121697 -0.000063986 3125831.327032027 -0.020553105 0.019379657 0.999601365 17.915322055
2021-04-22-15-14-48-464 0.728834728 -0.684106436 0.028249206 11724547.909968505 0.684381336 0.729123912 -0.000081918 3125831.327005553 -0.020541184 0.019392928 0.999601353 17.915406349
2021-04-22-15-14-48-564 0.728843703 -0.684095837 0.028274316 11724547.909990512 0.684371580 0.729133068 -0.000099374 3125831.326983783 -0.020547810 0.019422560 0.999600641 17.915474200
2021-04-22-15-14-48-664 0.728842430 -0.684097609 0.028264285 11724547.909937782 0.684373336 0.729131418 -0.000108095 3125831.326995399 -0.020534484 0.019422101 0.999600924 17.915527176
2021-04-22-15-14-48-764 0.728853746 -0.684086070 0.028251719 11724547.909819102 0.684360881 0.729143113 -0.000075572 3125831.327072112 -0.020547902 0.019389445 0.999601283 17.915574459
2021-04-22-15-14-48-864 0.728862975 -0.684076986 0.028233598 11724547.909688823 0.684351567 0.729151853 -0.000081693 3125831.327062180 -0.020530750 0.019381243 0.999601794 17.915659449
2021-04-22-15-14-48-964 0.728873726 -0.684065206 0.028241463 11724547.909671292 0.684340395 0.729162336 -0.000104139 3125831.327001639 -0.020521428 0.019402673 0.999601570 17.915762458
2021-04-22-15-14-49-064 0.728838713 -0.684103448 0.028218758 11724547.909586690 0.684377761 0.729127268 -0.000082128 3125831.327084400 -0.020518936 0.019372143 0.999602213 17.915800386
2021-04-22-15-14-49-164 0.728842693 -0.684100227 0.028194055 11724547.909640273 0.684374267 0.729130547 -0.000092243 3125831.327039875 -0.020494097 0.019362510 0.999602909 17.915675193
2021-04-22-15-14-49-264 0.728848642 -0.684094207 0.028186312 11724547.909722010 0.684367785 0.729136632 -0.000077084 3125831.327014056 -0.020498995 0.019345981 0.999603130 17.915532201
2021-04-22-15-14-49-364 0.728855441 -0.684086481 0.028198014 11724547.909851631 0.684360461 0.729143505 -0.000085848 3125831.326940258 -0.020501725 0.019360170 0.999602798 17.915416464
2021-04-22-15-14-49-464 0.728859233 -0.684082597 0.028194199 11724547.909934944 0.684356941 0.729146807 -0.000107212 3125831.326852473 -0.020484423 0.019373032 0.999602904 17.915324264
2021-04-22-15-14-49-564 0.728862418 -0.684079529 0.028186324 11724547.909997460 0.684353487 0.729150050 -0.000095939 3125831.326807394 -0.020486483 0.019359329 0.999603127 17.915173400
2021-04-22-15-14-49-664 0.728874863 -0.684066666 0.028176691 11724547.910085412 0.684340080 0.729162635 -0.000078783 3125831.326748058 -0.020491551 0.019339855 0.999603400 17.915032543
2021-04-22-15-14-49-764 0.728865844 -0.684076563 0.028169705 11724547.910096789 0.684349968 0.729153354 -0.000084719 3125831.326662880 -0.020482134 0.019339679 0.999603597 17.914938841
2021-04-22-15-14-49-864 0.728875594 -0.684066442 0.028163209 11724547.910123192 0.684339400 0.729163274 -0.000069229 3125831.326588281 -0.020488275 0.019323645 0.999603781 17.914860076
2021-04-22-15-14-49-965 0.728874476 -0.684066818 0.028183002 11724547.910137318 0.684339977 0.729162733 -0.000060352 3125831.326468322 -0.020508764 0.019330738 0.999603224 17.914740834
