2021-04-22-15-14-28-454 0.728809450 -0.684139602 0.028097781 -584.055087277 0.684409360 0.729097611 0.000026674 -476.401779229 -0.020504329 0.019210937 0.999605624 17.867524652
2021-04-22-15-14-28-554 0.728814657 -0.684133366 0.028114577 -584.054987763 0.684403015 0.729103565 0.000047594 -476.401883680 -0.020531053 0.019207007 0.999605151 17.867422424
2021-04-22-15-14-28-653 0.728804834 -0.684143693 0.028117883 -584.054934436 0.684413093 0.729094104 0.000063053 -476.401962882 -0.020543773 0.019198287 0.999605057 17.867323113
2021-04-22-15-14-28-753 0.728800224 -0.684148842 0.028112114 -584.054903553 0.684418179 0.729089330 0.000060831 -476.402057332 -0.020537913 0.019196102 0.999605220 17.867245067
2021-04-22-15-14-28-853 0.728802428 -0.684146320 0.028116355 -584.054836581 0.684415632 0.729091721 0.000065923 -476.402145974 -0.020544557 0.019195222 0.999605100 17.867110271
2021-04-22-15-14-28-953 0.728794587 -0.684153405 0.028147163 -584.054663226 0.684423283 0.729084539 0.000067342 -476.402196733 -0.020567787 0.019215489 0.999604233 17.867022621
2021-04-22-15-14-29-053 0.728812158 -0.684136719 0.028097762 -584.054656178 0.684408901 0.729098037 -0.000091795 -476.402464825 -0.020423277 0.019297254 0.999605621 17.867185169
2021-04-22-15-14-29-153 0.728817058 -0.684132461 0.028074289 -584.054896146 0.684403608 0.729103008 -0.000063342 -476.402324632 -0.020425768 0.019260302 0.999606282 17.867207089
2021-04-22-15-14-29-253 0.728800018 -0.684150690 0.028072451 -584.055126807 0.684421658 0.729086066 -0.000055984 -476.402171912 -0.020428985 0.019254189 0.999606335 17.867252314
2021-04-22-15-14-29-353 0.728790177 -0.684159258 0.028119084 -584.055195791 0.684431517 0.729076808 -0.000074931 -476.402072607 -0.020449761 0.019300190 0.999605022 17.867306406
2021-04-22-15-14-29-453 0.728798067 -0.684149878 0.028142814 -584.055285936 0.684423189 0.729084622 -0.000104169 -476.402016189 -0.020447279 0.019337506 0.999604353 17.867393676
2021-04-22-15-14-29-553 0.728789160 -0.684160131 0.028124211 -584.055497965 0.684432649 0.729075744 -0.000082764 -476.401805056 -0.020448110 0.019309439 0.999604878 17.867487375
2021-04-22-15-14-29-653 0.728786229 -0.684163347 0.028121905 -584.055677004 0.684434892 0.729073643 -0.000037293 -476.401543055 -0.020477478 0.019274785 0.999604946 17.867542719
2021-04-22-15-14-29-753 0.728779554 -0.684170027 0.028132396 -584.055755155 0.684442169 0.729066810 -0.000056497 -476.401397775 -0.020471797 0.019296165 0.999604650 17.867650874
2021-04-22-15-14-29-853 0.728787092 -0.684162576 0.028118327 -584.055807417 0.684434828 0.729073700 -0.000075268 -476.401257102 -0.020448891 0.019300010 0.999605044 17.867794295
2021-04-22-15-14-29-953 0.728772510 -0.684178816 0.028101092 -584.055850364 0.684450636 0.729058860 -0.000070110 -476.401011903 -0.020439436 0.019284898 0.999605529 17.867906652
2021-04-22-15-14-30-053 0.728830325 -0.684117425 0.028096292 -584.055806021 0.684390764 0.729115052 -0.000150231 -476.400989675 -0.020382708 0.019338328 0.999605655 17.868087682
2021-04-22-15-14-30-153 0.728826116 -0.684122238 0.028088256 -584.055957775 0.684395363 0.729110736 -0.000147285 -476.401010055 -0.020378742 0.019330811 0.999605881 17.868101279
2021-04-22-15-14-30-253 0.728826194 -0.684122404 0.028082187 -584.056073760 0.684395284 0.729110811 -0.000140975 -476.401004200 -0.020378636 0.019322057 0.999606053 17.868074819
2021-04-22-15-14-30-353 0.728818162 -0.684130762 0.028087026 -584.056133675 0.684403644 0.729102964 -0.000136328 -476.400912951 -0.020385122 0.019322214 0.999605918 17.868046638
2021-04-22-15-14-30-453 0.728816224 -0.684133091 0.028080601 -584.056158108 0.684405777 0.729100963 -0.000132747 -476.400831341 -0.020382831 0.019315267 0.999606099 17.868033044
2021-04-22-15-14-30-553 0.728802810 -0.684147736 0.028071936 -584.056124771 0.684420192 0.729087432 -0.000129422 -476.400719961 -0.020378407 0.019307317 0.999606342 17.868022680
2021-04-22-15-14-30-654 0.728791311 -0.684160014 0.028071280 -584.056046284 0.684432710 0.729075678 -0.000141613 -476.400607830 -0.020369255 0.019316101 0.999606359 17.868063199
2021-04-22-15-14-30-754 0.728784054 -0.684167184 0.028084930 -584.055902021 0.684440168 0.729068677 -0.000142662 -476.400457219 -0.020378291 0.019326418 0.999605975 17.868065175
2021-04-22-15-14-30-854 0.728787900 -0.684164279 0.028055849 -584.055824182 0.684436551 0.729072073 -0.000135347 -476.400285387 -0.020362190 0.019301082 0.999606793 17.868093698
2021-04-22-15-14-30-954 0.728783114 -0.684169805 0.028045416 -584.055670837 0.684441631 0.729067307 -0.000123221 -476.400092791 -0.020362746 0.019285244 0.999607087 17.868120167
2021-04-22-15-14-31-054 0.728836519 -0.684117256 0.027939279 -584.055602860 0.684389536 0.729116178 -0.000247596 -476.400178347 -0.020201650 0.019301800 0.999610037 17.868385593
2021-04-22-15-14-31-155 0.728830133 -0.684123982 0.027941178 -584.055727201 0.684396620 0.729109523 -0.000263406 -476.400209938 -0.020192030 0.019314820 0.999609979 17.868402442
2021-04-22-15-14-31-255 0.728814064 -0.684142018 0.027918707 -584.055894769 0.684414286 0.729092939 -0.000266232 -476.400201135 -0.020173246 0.019301989 0.999610607 17.868440186
2021-04-22-15-14-31-355 0.728808359 -0.684147364 0.027936625 -584.055918770 0.684420077 0.729087502 -0.000270953 -476.400181141 -0.020182926 0.019317854 0.999610105 17.868447207
2021-04-22-15-14-31-455 0.728813931 -0.684141239 0.027941271 -584.055952785 0.684414130 0.729093082 -0.000275512 -476.400193977 -0.020183352 0.019324191 0.999609973 17.868497115
2021-04-22-15-14-31-555 0.728803782 -0.684151899 0.027944973 -584.055996059 0.684425031 0.729082846 -0.000283688 -476.400161833 -0.020180169 0.019332985 0.999609868 17.868538808
2021-04-22-15-14-31-655 0.728801429 -0.684155037 0.027929513 -584.056076958 0.684428054 0.729080004 -0.000292739 -476.400151145 -0.020162624 0.019329084 0.999610297 17.868587409
2021-04-22-15-14-31-755 0.728787910 -0.684169363 0.027931352 -584.056093455 0.684443008 0.729065954 -0.000321840 -476.400177832 -0.020143659 0.019351964 0.999610237 17.868660322
2021-04-22-15-14-31-855 0.728794190 -0.684161872 0.027950966 -584.056044183 0.684436027 0.729072505 -0.000328449 -476.400213162 -0.020153622 0.019370014 0.999609687 17.868693452
2021-04-22-15-14-31-956 0.728788427 -0.684167833 0.027955311 -584.056036348 0.684441950 0.729066947 -0.000322229 -476.400153988 -0.020160888 0.019368618 0.999609567 17.868719943
2021-04-22-15-14-32-056 0.728832744 -0.684123431 0.027886532 -584.056094051 0.684397556 0.729108588 -0.000389811 -476.400245691 -0.020065686 0.019369575 0.999611464 17.868855868
2021-04-22-15-14-32-156 0.728834858 -0.684120272 0.027908735 -584.056139699 0.684395159 0.729110829 -0.000406308 -476.400233630 -0.020070652 0.019396727 0.999610838 17.868829487
2021-04-22-15-14-32-256 0.728835916 -0.684118604 0.027921983 -584.056176951 0.684394034 0.729111877 -0.000420545 -476.400209809 -0.020070601 0.019416141 0.999610462 17.868793740
2021-04-22-15-14-32-356 0.728839156 -0.684115260 0.027919373 -584.056247244 0.684390257 0.729115433 -0.000401605 -476.400114930 -0.020081755 0.019400447 0.999610542 17.868713007
2021-04-22-15-14-32-456 0.728832892 -0.684123200 0.027888313 -584.056371506 0.684397628 0.729108513 -0.000403149 -476.400051794 -0.020057857 0.019380517 0.999611409 17.868643854
2021-04-22-15-14-32-556 0.728832182 -0.684123390 0.027902191 -584.056366746 0.684398099 0.729108070 -0.000403719 -476.400025955 -0.020067573 0.019390444 0.999611022 17.868553897
2021-04-22-15-14-32-656 0.728827543 -0.684128358 0.027901546 -584.056423740 0.684403415 0.729103070 -0.000421583 -476.400013368 -0.020054739 0.019403168 0.999611032 17.868458943
2021-04-22-15-14-32-756 0.728817784 -0.684138601 0.027905329 -584.056551764 0.684413372 0.729093734 -0.000403533 -476.399944472 -0.020069582 0.019392876 0.999610934 17.868330658
2021-04-22-15-14-32-856 0.728827072 -0.684128999 0.027898179 -584.056688348 0.684403882 0.729102635 -0.000416187 -476.399955469 -0.020055964 0.019396944 0.999611129 17.868225890
2021-04-22-15-14-32-956 0.728818445 -0.684137458 0.027916073 -584.056747793 0.684412696 0.729094361 -0.000416344 -476.399957547 -0.020068669 0.019409548 0.999610628 17.868117185
2021-04-22-15-14-33-055 0.728839772 -0.684114560 0.027920420 -584.056794571 0.684387494 0.729118076 -0.000298072 -476.399856709 -0.020153421 0.019325626 0.999610550 17.867949009
2021-04-22-15-14-33-156 0.728847457 -0.684106756 0.027911038 -584.056932541 0.684379550 0.729125531 -0.000300351 -476.400012303 -0.020145234 0.019320647 0.999610811 17.868014613
2021-04-22-15-14-33-256 0.728840593 -0.684113674 0.027920730 -584.057036709 0.684386236 0.729119263 -0.000279429 -476.400111773 -0.020166434 0.019312216 0.999610547 17.868065009
2021-04-22-15-14-33-355 0.728842404 -0.684111129 0.027935800 -584.057088963 0.684384221 0.729121151 -0.000291226 -476.400244234 -0.020169406 0.019331072 0.999610122 17.868140078
2021-04-22-15-14-33-455 0.728842286 -0.684111432 0.027931459 -584.057170694 0.684384690 0.729120706 -0.000303618 -476.400426358 -0.020157750 0.019337146 0.999610239 17.868237682
2021-04-22-15-14-33-555 0.728842775 -0.684111226 0.027923693 -584.057253803 0.684384389 0.729120988 -0.000306329 -476.400576589 -0.020150241 0.019333799 0.999610456 17.868332721
2021-04-22-15-14-33-655 0.728841135 -0.684113172 0.027918860 -584.057332710 0.684385775 0.729119697 -0.000283172 -476.400700705 -0.020162523 0.019313652 0.999610598 17.868422404
2021-04-22-15-14-33-755 0.728835273 -0.684119497 0.027916920 -584.057402408 0.684392219 0.729113644 -0.000290913 -476.400895527 -0.020155642 0.019318143 0.999610649 17.868548857
2021-04-22-15-14-33-855 0.728836924 -0.684117697 0.027917940 -584.057489280 0.684390514 0.729115242 -0.000294652 -476.401089430 -0.020153873 0.019321520 0.999610620 17.868706231
2021-04-22-15-14-33-955 0.728846348 -0.684107825 0.027913781 -584.057573744 0.684380390 0.729124749 -0.000286272 -476.401243615 -0.020156841 0.019312287 0.999610738 17.868870479
2021-04-22-15-14-34-055 0.728835497 -0.684120329 0.027890650 -584.057698081 0.684392937 0.729112961 -0.000310381 -476.401402967 -0.020123151 0.019314375 0.999611376 17.869051711
2021-04-22-15-14-34-155 0.728839258 -0.684115919 0.027900555 -584.057597355 0.684388678 0.729116961 -0.000308447 -476.401366384 -0.020131809 0.019319626 0.999611101 17.868971951
2021-04-22-15-14-34-255 0.728831151 -0.684124431 0.027903599 -584.057490812 0.684397282 0.729108884 -0.000309955 -476.401307036 -0.020132768 0.019323047 0.999611015 17.868929130
2021-04-22-15-14-34-356 0.728823539 -0.684132967 0.027893127 -584.057448054 0.684405452 0.729101217 -0.000301654 -476.401240767 -0.020130595 0.019310055 0.999611311 17.868903301
2021-04-22-15-14-34-456 0.728830608 -0.684125382 0.027894468 -584.057354726 0.684397979 0.729108231 -0.000306038 -476.401235535 -0.020128771 0.019313961 0.999611272 17.868862099
2021-04-22-15-14-34-556 0.728831988 -0.684124077 0.027890428 -584.057281845 0.684396441 0.729109678 -0.000298406 -476.401207034 -0.020131088 0.019305591 0.999611387 17.868847781
2021-04-22-15-14-34-656 0.728843721 -0.684111641 0.027888842 -584.057223577 0.684383888 0.729121462 -0.000294360 -476.401154060 -0.020133031 0.019301211 0.999611432 17.868871344
2021-04-22-15-14-34-756 0.728848500 -0.684107708 0.027860405 -584.057273976 0.684379581 0.729125501 -0.000303097 -476.401132802 -0.020106435 0.019287997 0.999612223 17.868922732
2021-04-22-15-14-34-856 0.728838586 -0.684118538 0.027853843 -584.057372192 0.684390301 0.729115438 -0.000303765 -476.401098287 -0.020100909 0.019284289 0.999612405 17.868983366
2021-04-22-15-14-34-957 0.728847423 -0.684109036 0.027855969 -584.057480007 0.684380685 0.729124467 -0.000296225 -476.401101014 -0.020107873 0.019279983 0.999612349 17.869066336
2021-04-22-15-14-35-057 0.728837955 -0.684111128 0.028051664 -584.057382093 0.684385116 0.729120334 -0.000224742 -476.401031382 -0.020299345 0.019361936 0.999606895 17.868846031
2021-04-22-15-14-35-157 0.728835302 -0.684114371 0.028041486 -584.057544057 0.684388135 0.729117501 -0.000223300 -476.401110377 -0.020292829 0.019354003 0.999607180 17.868714832
2021-04-22-15-14-35-257 0.728834706 -0.684115000 0.028041641 -584.057688391 0.684388720 0.729116953 -0.000220985 -476.401196483 -0.020294510 0.019352438 0.999607176 17.868568700
2021-04-22-15-14-35-357 0.728830537 -0.684119494 0.028040367 -584.057889115 0.684393139 0.729112805 -0.000218436 -476.401276594 -0.020295208 0.019349831 0.999607213 17.868432262
2021-04-22-15-14-35-457 0.728833572 -0.684116878 0.028025295 -584.058164462 0.684390218 0.729115547 -0.000217830 -476.401415945 -0.020284711 0.019338993 0.999607635 17.868315760
2021-04-22-15-14-35-558 0.728836875 -0.684113306 0.028026551 -584.058437030 0.684386649 0.729118899 -0.000216785 -476.401574471 -0.020286437 0.019338992 0.999607601 17.868193237
2021-04-22-15-14-35-658 0.728833521 -0.684116357 0.028039350 -584.058725574 0.684390228 0.729115535 -0.000230582 -476.401761549 -0.020286235 0.019357906 0.999607239 17.868085953
2021-04-22-15-14-35-758 0.728825173 -0.684125213 0.028040268 -584.059064954 0.684399341 0.729106977 -0.000242230 -476.401951945 -0.020278693 0.019367278 0.999607210 17.868005033
2021-04-22-15-14-35-858 0.728808667 -0.684143183 0.028030811 -584.059441329 0.684416858 0.729090538 -0.000228556 -476.402117254 -0.020280688 0.019351326 0.999607479 17.867874935
2021-04-22-15-14-35-958 0.728807588 -0.684144470 0.028027430 -584.059766220 0.684418118 0.729089355 -0.000230390 -476.402318101 -0.020276935 0.019350385 0.999607573 17.867798963
2021-04-22-15-14-36-058 0.728845561 -0.684103435 0.028041620 -584.059936846 0.684377084 0.729127876 -0.000217677 -476.402504348 -0.020297067 0.019349688 0.999607178 17.867664347
2021-04-22-15-14-36-158 0.728840930 -0.684108383 0.028041271 -584.059720369 0.684382363 0.729122915 -0.000234282 -476.402356295 -0.020285313 0.019361699 0.999607184 17.867601604
2021-04-22-15-14-36-258 0.728825473 -0.684124949 0.028038854 -584.059482198 0.684398961 0.729107334 -0.000237829 -476.402170709 -0.020280684 0.019363092 0.999607251 17.867543543
2021-04-22-15-14-36-358 0.728814678 -0.684136495 0.028037760 -584.059242563 0.684410213 0.729096776 -0.000224196 -476.401964230 -0.020288914 0.019352721 0.999607284 17.867489452
2021-04-22-15-14-36-458 0.728808448 -0.684143208 0.028035884 -584.059003590 0.684416772 0.729090621 -0.000218279 -476.401789739 -0.020291420 0.019347306 0.999607339 17.867455234
2021-04-22-15-14-36-558 0.728800367 -0.684151646 0.028040062 -584.058741845 0.684425187 0.729082723 -0.000212978 -476.401612200 -0.020297870 0.019346536 0.999607223 17.867419779
2021-04-22-15-14-36-658 0.728793515 -0.684158870 0.028041893 -584.058417790 0.684432607 0.729075756 -0.000220714 -476.401438026 -0.020293715 0.019353635 0.999607169 17.867395701
2021-04-22-15-14-36-758 0.728794042 -0.684157493 0.028061815 -584.058020670 0.684431377 0.729076914 -0.000209014 -476.401250490 -0.020316277 0.019358708 0.999606613 17.867374532
2021-04-22-15-14-36-858 0.728781248 -0.684170739 0.028071114 -584.057662039 0.684444334 0.729064756 -0.000185693 -476.401012838 -0.020338667 0.019348438 0.999606357 17.867332027
2021-04-22-15-14-36-958 0.728776922 -0.684175436 0.028068949 -584.057322184 0.684449007 0.729060370 -0.000186485 -476.400839952 -0.020336425 0.019347663 0.999606417 17.867360757
2021-04-22-15-14-37-058 0.728838428 -0.684112706 0.028000839 -584.057012809 0.684384867 0.729120580 -0.000183150 -476.400777227 -0.020290746 0.019296831 0.999608328 17.867454690
2021-04-22-15-14-37-158 0.728839133 -0.684112040 0.027998723 -584.057050701 0.684384021 0.729121376 -0.000176191 -476.400836055 -0.020293987 0.019290287 0.999608389 17.867490894
2021-04-22-15-14-37-257 0.728844553 -0.684105993 0.028005398 -584.057092907 0.684378694 0.729126368 -0.000205503 -476.400977876 -0.020278943 0.019316070 0.999608196 17.867551952
2021-04-22-15-14-37-358 0.728849770 -0.684100929 0.027993339 -584.057116121 0.684373293 0.729131439 -0.000200482 -476.401047217 -0.020273728 0.019304009 0.999608535 17.867617462
2021-04-22-15-14-37-458 0.728843043 -0.684108226 0.027990171 -584.057141048 0.684380317 0.729124849 -0.000189915 -476.401091663 -0.020278460 0.019294335 0.999608625 17.867706015
2021-04-22-15-14-37-558 0.728844977 -0.684106031 0.027993459 -584.057181487 0.684378286 0.729126753 -0.000194975 -476.401186507 -0.020277450 0.019300215 0.999608532 17.867812002
2021-04-22-15-14-37-658 0.728840283 -0.684111227 0.027988682 -584.057235499 0.684383268 0.729122079 -0.000188821 -476.401246804 -0.020278045 0.019292600 0.999608668 17.867915684
2021-04-22-15-14-37-757 0.728821797 -0.684130795 0.027991736 -584.057252055 0.684403321 0.729103250 -0.000209422 -476.401318418 -0.020265648 0.019310261 0.999608577 17.868063644
2021-04-22-15-14-37-857 0.728816964 -0.684135453 0.028003754 -584.057239582 0.684408369 0.729098510 -0.000217119 -476.401387290 -0.020269010 0.019324238 0.999608239 17.868206612
2021-04-22-15-14-37-958 0.728813007 -0.684139630 0.028004684 -584.057244255 0.684412547 0.729094587 -0.000216187 -476.401452294 -0.020270215 0.019324311 0.999608213 17.868336210
2021-04-22-15-14-38-058 0.728838675 -0.684111416 0.028025900 -584.057187031 0.684383943 0.729121448 -0.000177322 -476.401527230 -0.020313030 0.019309709 0.999607627 17.868390486
2021-04-22-15-14-38-158 0.728837687 -0.684111918 0.028039352 -584.057287543 0.684384802 0.729120641 -0.000182067 -476.401625367 -0.020319570 0.019322397 0.999607248 17.868411983
2021-04-22-15-14-38-258 0.728830288 -0.684120002 0.028034415 -584.057463789 0.684392918 0.729113021 -0.000188215 -476.401733846 -0.020311549 0.019323726 0.999607386 17.868457252
2021-04-22-15-14-38-358 0.728820456 -0.684130204 0.028041085 -584.057604960 0.684403121 0.729103445 -0.000181770 -476.401817258 -0.020320552 0.019323877 0.999607200 17.868496452
2021-04-22-15-14-38-458 0.728832769 -0.684117395 0.028033546 -584.057734198 0.684390036 0.729115730 -0.000175534 -476.401937596 -0.020319668 0.019313808 0.999607413 17.868556371
2021-04-22-15-14-38-558 0.728835928 -0.684114378 0.028025037 -584.057864888 0.684386893 0.729118679 -0.000177457 -476.402084357 -0.020312230 0.019309299 0.999607651 17.868622472
2021-04-22-15-14-38-658 0.728844569 -0.684105660 0.028013116 -584.058020714 0.684377952 0.729127072 -0.000178003 -476.402248438 -0.020303402 0.019301290 0.999607985 17.868678234
2021-04-22-15-14-38-758 0.728842223 -0.684107921 0.028018952 -584.058147393 0.684380330 0.729124840 -0.000178198 -476.402382300 -0.020307461 0.019305491 0.999607821 17.868728434
2021-04-22-15-14-38-859 0.728850356 -0.684099067 0.028023531 -584.058246637 0.684371754 0.729132886 -0.000187659 -476.402529817 -0.020304554 0.019315282 0.999607691 17.868812973
2021-04-22-15-14-38-959 0.728860940 -0.684087770 0.028024078 -584.058331233 0.684360564 0.729143388 -0.000192676 -476.402660358 -0.020301818 0.019319002 0.999607674 17.868891758
2021-04-22-15-14-39-059 0.728830753 -0.684121934 0.027975115 -584.058528397 0.684394637 0.729111395 -0.000234178 -476.402722261 -0.020236822 0.019316688 0.999609038 17.869023419
2021-04-22-15-14-39-159 0.728819843 -0.684133473 0.027977202 -584.058445059 0.684405796 0.729100926 -0.000213240 -476.402526913 -0.020252373 0.019303166 0.999608983 17.869021180
2021-04-22-15-14-39-259 0.728813516 -0.684140449 0.027971394 -584.058306729 0.684412965 0.729094191 -0.000228145 -476.402398579 -0.020237752 0.019310254 0.999609143 17.869033874
2021-04-22-15-14-39-359 0.728814028 -0.684140316 0.027961315 -584.058150246 0.684412784 0.729094360 -0.000235378 -476.402252732 -0.020225459 0.019308621 0.999609423 17.869061646
2021-04-22-15-14-39-459 0.728811143 -0.684143981 0.027946858 -584.057961340 0.684415797 0.729091537 -0.000216904 -476.402004481 -0.020227478 0.019285346 0.999609832 17.869075397
2021-04-22-15-14-39-560 0.728799418 -0.684155710 0.027965493 -584.057708423 0.684427917 0.729080159 -0.000218244 -476.401806348 -0.020239827 0.019299414 0.999609311 17.869080756
2021-04-22-15-14-39-660 0.728799368 -0.684156455 0.027948552 -584.057470824 0.684428807 0.729079316 -0.000241554 -476.401673007 -0.020211504 0.019304832 0.999609779 17.869121940
2021-04-22-15-14-39-760 0.728799894 -0.684156005 0.027945841 -584.057199800 0.684428433 0.729079665 -0.000247927 -476.401477611 -0.020205177 0.019307611 0.999609853 17.869176215
2021-04-22-15-14-39-860 0.728793535 -0.684163406 0.027930510 -584.056935352 0.684435512 0.729073021 -0.000246506 -476.401226481 -0.020194784 0.019296278 0.999610282 17.869222516
2021-04-22-15-14-39-960 0.728795337 -0.684160964 0.027943293 -584.056581673 0.684433681 0.729074733 -0.000264527 -476.401048570 -0.020191823 0.019318110 0.999609920 17.869245560
2021-04-22-15-14-40-060 0.728838857 -0.684117567 0.027870614 -584.056370554 0.684389305 0.729116381 -0.000286459 -476.400986620 -0.020125003 0.019283126 0.999611943 17.869361793
2021-04-22-15-14-40-160 0.728837662 -0.684119686 0.027849810 -584.056690719 0.684390898 0.729114888 -0.000280191 -476.400964437 -0.020114081 0.019264364 0.999612525 17.869282978
2021-04-22-15-14-40-260 0.728829621 -0.684128998 0.027831504 -584.057047961 0.684399812 0.729106522 -0.000277780 -476.400993431 -0.020102147 0.019250324 0.999613035 17.869149353
2021-04-22-15-14-40-361 0.728839233 -0.684118017 0.027849715 -584.057307010 0.684389438 0.729116254 -0.000290721 -476.401102028 -0.020106846 0.019271933 0.999612524 17.869003652
2021-04-22-15-14-40-460 0.728849541 -0.684106701 0.027857904 -584.057637560 0.684378510 0.729126507 -0.000302395 -476.401206088 -0.020105121 0.019285745 0.999612293 17.868848515
2021-04-22-15-14-40-560 0.728842204 -0.684114887 0.027848835 -584.058103653 0.684386137 0.729119356 -0.000283108 -476.401253570 -0.020111500 0.019265692 0.999612551 17.868662029
2021-04-22-15-14-40-660 0.728841790 -0.684115894 0.027834942 -584.058603836 0.684386702 0.729118829 -0.000274425 -476.401348385 -0.020107296 0.019249869 0.999612941 17.868517620
2021-04-22-15-14-40-760 0.728844903 -0.684111767 0.027854841 -584.059038580 0.684382442 0.729122836 -0.000248860 -476.401451454 -0.020139407 0.019244739 0.999612392 17.868335369
2021-04-22-15-14-40-860 0.728839486 -0.684117520 0.027855307 -584.059577494 0.684388451 0.729117191 -0.000261030 -476.401648763 -0.020131262 0.019254092 0.999612376 17.868211213
2021-04-22-15-14-40-960 0.728832086 -0.684126531 0.027827596 -584.060182938 0.684396941 0.729109222 -0.000261501 -476.401848321 -0.020110511 0.019235705 0.999613148 17.868129700
2021-04-22-15-14-41-060 0.728832517 -0.684122151 0.027923841 -584.060445326 0.684393075 0.729112873 -0.000195159 -476.401941119 -0.020226173 0.019253115 0.999610479 17.867918297
2021-04-22-15-14-41-160 0.728836453 -0.684117434 0.027936622 -584.060300206 0.684388457 0.729117208 -0.000188007 -476.401921919 -0.020240506 0.019256522 0.999610124 17.868054986
2021-04-22-15-14-41-260 0.728836387 -0.684117713 0.027931537 -584.060221991 0.684388881 0.729116808 -0.000199995 -476.401947981 -0.020228587 0.019261792 0.999610264 17.868226340
2021-04-22-15-14-41-360 0.728826207 -0.684128848 0.027924434 -584.060145213 0.684400067 0.729106305 -0.000209076 -476.401966701 -0.020216900 0.019263859 0.999610460 17.868419225
2021-04-22-15-14-41-460 0.728818082 -0.684138125 0.027909215 -584.060051951 0.684408440 0.729098453 -0.000178710 -476.401903923 -0.020226357 0.019231543 0.999610891 17.868634852
2021-04-22-15-14-41-560 0.728818880 -0.684138059 0.027890003 -584.059971529 0.684407849 0.729099010 -0.000171058 -476.401943585 -0.020217600 0.019212800 0.999611428 17.868874263
2021-04-22-15-14-41-660 0.728823288 -0.684132944 0.027900263 -584.059812175 0.684403272 0.729103302 -0.000187960 -476.402050850 -0.020213638 0.019232015 0.999611140 17.869134862
2021-04-22-15-14-41-760 0.728806189 -0.684151059 0.027902746 -584.059704027 0.684421316 0.729086367 -0.000181736 -476.402104449 -0.020219230 0.019229679 0.999611071 17.869429212
2021-04-22-15-14-41-860 0.728801844 -0.684155873 0.027898184 -584.059630065 0.684425534 0.729082412 -0.000156521 -476.402132371 -0.020233045 0.019208296 0.999611203 17.869740701
2021-04-22-15-14-41-960 0.728789352 -0.684169251 0.027896451 -584.059628509 0.684439419 0.729069371 -0.000182990 -476.402272316 -0.020213306 0.019226786 0.999611247 17.870077414
2021-04-22-15-14-42-060 0.728791765 -0.684165786 0.027918365 -584.059583568 0.684436583 0.729072031 -0.000193266 -476.402439751 -0.020222327 0.019249194 0.999610633 17.870391060
2021-04-22-15-14-42-160 0.728833566 -0.684120487 0.027937205 -584.059460949 0.684390599 0.729115208 -0.000142439 -476.402251412 -0.020272050 0.019223770 0.999610115 17.870269955
2021-04-22-15-14-42-260 0.728832745 -0.684122827 0.027901291 -584.059518691 0.684392234 0.729113675 -0.000141617 -476.402023341 -0.020246383 0.019198635 0.999611118 17.870172580
2021-04-22-15-14-42-360 0.728826475 -0.684129091 0.027911498 -584.059553494 0.684398751 0.729107556 -0.000144391 -476.401815535 -0.020251755 0.019207824 0.999610833 17.870073930
2021-04-22-15-14-42-460 0.728823829 -0.684132089 0.027907134 -584.059601796 0.684401740 0.729104750 -0.000147992 -476.401593463 -0.020246032 0.019207544 0.999610954 17.869988615
2021-04-22-15-14-42-560 0.728825448 -0.684130024 0.027915437 -584.059646279 0.684399978 0.729106402 -0.000155094 -476.401382236 -0.020247273 0.019218355 0.999610722 17.869917846
2021-04-22-15-14-42-660 0.728818256 -0.684138441 0.027896919 -584.059775682 0.684408283 0.729098604 -0.000167004 -476.401160227 -0.020225405 0.019214593 0.999611236 17.869869559
2021-04-22-15-14-42-761 0.728822643 -0.684132845 0.027919518 -584.059863467 0.684402917 0.729103643 -0.000156988 -476.400947314 -0.020248876 0.019222610 0.999610607 17.869795518
2021-04-22-15-14-42-861 0.728817151 -0.684138436 0.027925926 -584.060008399 0.684408657 0.729098256 -0.000158168 -476.400769029 -0.020252589 0.019228015 0.999610428 17.869756454
2021-04-22-15-14-42-961 0.728813284 -0.684142654 0.027923481 -584.060207426 0.684412690 0.729094470 -0.000151264 -476.400603316 -0.020255423 0.019221422 0.999610497 17.869744663
2021-04-22-15-14-43-061 0.728818046 -0.684131923 0.028061755 -584.060138850 0.684404254 0.729102393 -0.000133221 -476.400474103 -0.020368806 0.019302673 0.999606628 17.869579256
2021-04-22-15-14-43-161 0.728820582 -0.684128670 0.028075223 -584.060108690 0.684401312 0.729105154 -0.000135817 -476.400533116 -0.020376927 0.019313699 0.999606249 17.869650042
2021-04-22-15-14-43-261 0.728824869 -0.684123346 0.028093649 -584.060071299 0.684396180 0.729109972 -0.000127851 -476.400577211 -0.020395948 0.019320360 0.999605732 17.869745338
2021-04-22-15-14-43-362 0.728814453 -0.684134143 0.028100946 -584.060119743 0.684406884 0.729099927 -0.000116145 -476.400626706 -0.020408992 0.019317124 0.999605529 17.869855921
2021-04-22-15-14-43-462 0.728813584 -0.684135322 0.028094790 -584.060177901 0.684408436 0.729098466 -0.000140284 -476.400743596 -0.020387949 0.019330546 0.999605699 17.870030066
2021-04-22-15-14-43-562 0.728810847 -0.684137876 0.028103568 -584.060164299 0.684410909 0.729096147 -0.000127894 -476.400798049 -0.020402760 0.019327593 0.999605454 17.870199093
2021-04-22-15-14-43-662 0.728817456 -0.684130718 0.028106453 -584.060184645 0.684403840 0.729102782 -0.000129668 -476.400894413 -0.020403837 0.019330662 0.999605373 17.870425759
2021-04-22-15-14-43-762 0.728814119 -0.684134371 0.028104059 -584.060293159 0.684407388 0.729099451 -0.000126745 -476.400982217 -0.020403997 0.019326993 0.999605440 17.870679922
2021-04-22-15-14-43-862 0.728804593 -0.684144467 0.028105322 -584.060369410 0.684417829 0.729089648 -0.000142261 -476.401103448 -0.020394027 0.019339457 0.999605402 17.870942948
2021-04-22-15-14-43-962 0.728803054 -0.684145853 0.028111480 -584.060426770 0.684419258 0.729088308 -0.000138493 -476.401215228 -0.020401056 0.019340966 0.999605229 17.871210433
2021-04-22-15-14-44-062 0.728827829 -0.684114465 0.028232787 -584.060338681 0.684390473 0.729115325 -0.000151333 -476.401343780 -0.020481483 0.019432540 0.999601809 17.871264618
2021-04-22-15-14-44-162 0.728818552 -0.684124481 0.028229577 -584.060522537 0.684400467 0.729105944 -0.000153063 -476.401259153 -0.020477692 0.019431884 0.999601899 17.871119300
2021-04-22-15-14-44-262 0.728819058 -0.684123725 0.028234811 -584.060648467 0.684399900 0.729106475 -0.000157287 -476.401175601 -0.020478633 0.019438528 0.999601751 17.871005250
2021-04-22-15-14-44-362 0.728813440 -0.684129369 0.028243085 -584.060747015 0.684406136 0.729100616 -0.000178332 -476.401129969 -0.020470102 0.019459706 0.999601514 17.870905634
2021-04-22-15-14-44-462 0.728818062 -0.684124793 0.028234628 -584.060857736 0.684401359 0.729105101 -0.000176518 -476.401067416 -0.020465304 0.019452461 0.999601753 17.870774958
2021-04-22-15-14-44-562 0.728821102 -0.684121096 0.028245744 -584.060884014 0.684397592 0.729108640 -0.000162674 -476.400956153 -0.020482980 0.019449872 0.999601441 17.870652876
2021-04-22-15-14-44-662 0.728818037 -0.684123703 0.028261692 -584.060887223 0.684400702 0.729105719 -0.000172037 -476.400872893 -0.020488121 0.019467699 0.999600989 17.870559504
2021-04-22-15-14-44-762 0.728817449 -0.684124501 0.028257536 -584.060919069 0.684401296 0.729105162 -0.000166035 -476.400792068 -0.020489181 0.019460498 0.999601107 17.870472849
2021-04-22-15-14-44-862 0.728821202 -0.684119973 0.028270365 -584.060916512 0.684396760 0.729109424 -0.000153507 -476.400710742 -0.020507226 0.019460019 0.999600746 17.870374211
2021-04-22-15-14-44-962 0.728835521 -0.684104378 0.028278559 -584.060878084 0.684381219 0.729124013 -0.000148612 -476.400663808 -0.020516964 0.019461622 0.999600516 17.870327731
2021-04-22-15-14-45-062 0.728826038 -0.684117153 0.028213888 -584.060967280 0.684394298 0.729111716 -0.000224822 -476.400690884 -0.020417325 0.019473274 0.999602329 17.870436627
2021-04-22-15-14-45-162 0.728820667 -0.684121719 0.028241876 -584.060951837 0.684398976 0.729107331 -0.000203486 -476.400536041 -0.020452204 0.019477009 0.999601543 17.870399878
2021-04-22-15-14-45-262 0.728823969 -0.684118216 0.028241526 -584.060939675 0.684395635 0.729110464 -0.000211829 -476.400436942 -0.020446331 0.019482756 0.999601551 17.870444087
2021-04-22-15-14-45-362 0.728825845 -0.684116725 0.028229214 -584.060948817 0.684394025 0.729111974 -0.000217800 -476.400364708 -0.020433310 0.019478638 0.999601898 17.870535812
2021-04-22-15-14-45-462 0.728822902 -0.684118597 0.028259850 -584.060908278 0.684396860 0.729109307 -0.000235623 -476.400339914 -0.020443380 0.019512673 0.999601028 17.870589745
2021-04-22-15-14-45-562 0.728827956 -0.684112551 0.028275817 -584.060858301 0.684391127 0.729114689 -0.000235776 -476.400337736 -0.020455070 0.019523552 0.999600576 17.870683756
2021-04-22-15-14-45-662 0.728834134 -0.684105990 0.028275346 -584.060829513 0.684384706 0.729120712 -0.000243221 -476.400361501 -0.020449805 0.019528475 0.999600588 17.870814850
2021-04-22-15-14-45-762 0.728828776 -0.684111765 0.028273731 -584.060838937 0.684390769 0.729115017 -0.000258698 -476.400416039 -0.020437877 0.019538821 0.999600630 17.870982783
2021-04-22-15-14-45-862 0.728820651 -0.684119845 0.028287659 -584.060837084 0.684399090 0.729107206 -0.000257044 -476.400451840 -0.020448941 0.019547380 0.999600236 17.871131939
2021-04-22-15-14-45-962 0.728821962 -0.684117742 0.028304718 -584.060791459 0.684397010 0.729109165 -0.000241850 -476.400505532 -0.020471829 0.019547923 0.999599757 17.871302319
2021-04-22-15-14-46-062 0.728826037 -0.684112926 0.028316196 -584.060771850 0.684389069 0.729116654 -0.000078887 -476.400352829 -0.020591896 0.019436783 0.999599458 17.871238393
2021-04-22-15-14-46-162 0.728824745 -0.684114652 0.028307771 -584.060905335 0.684390486 0.729115325 -0.000071815 -476.400467643 -0.020590553 0.019425903 0.999599697 17.871255825
2021-04-22-15-14-46-262 0.728824823 -0.684113641 0.028330158 -584.060935388 0.684389645 0.729116115 -0.000058991 -476.400562156 -0.020615672 0.019431855 0.999599064 17.871261458
2021-04-22-15-14-46-363 0.728831296 -0.684106496 0.028336217 -584.060911422 0.684382797 0.729122542 -0.000067869 -476.400729807 -0.020614198 0.019442279 0.999598891 17.871307197
2021-04-22-15-14-46-463 0.728828151 -0.684109214 0.028351466 -584.060942698 0.684385860 0.729119667 -0.000070133 -476.400880662 -0.020623687 0.019454451 0.999598459 17.871348058
2021-04-22-15-14-46-563 0.728834937 -0.684103187 0.028322403 -584.061006680 0.684379080 0.729126033 -0.000061081 -476.401032728 -0.020608870 0.019427771 0.999599284 17.871442373
2021-04-22-15-14-46-663 0.728843264 -0.684094741 0.028312131 -584.061002815 0.684370094 0.729134467 -0.000044810 -476.401200702 -0.020612750 0.019408630 0.999599575 17.871532637
2021-04-22-15-14-46-763 0.728843918 -0.684093691 0.028320686 -584.060957478 0.684369798 0.729134744 -0.000073320 -476.401488740 -0.020599492 0.019435255 0.999599331 17.871677874
2021-04-22-15-14-46-863 0.728851845 -0.684084970 0.028327303 -584.060910033 0.684361229 0.729142785 -0.000074623 -476.401714121 -0.020603654 0.019440491 0.999599144 17.871800589
2021-04-22-15-14-46-964 0.728852281 -0.684084923 0.028317225 -584.060832750 0.684360748 0.729143239 -0.000063075 -476.401911633 -0.020604219 0.019425163 0.999599431 17.871982570
2021-04-22-15-14-47-064 0.728827842 -0.684113649 0.028252204 -584.060896351 0.684388592 0.729117102 -0.000081026 -476.402002536 -0.020543788 0.019394534 0.999601268 17.872121771
2021-04-22-15-14-47-164 0.728821442 -0.684120349 0.028255069 -584.060947313 0.684395715 0.729110413 -0.000098794 -476.401840084 -0.020533532 0.019409645 0.999601186 17.871885967
2021-04-22-15-14-47-264 0.728821631 -0.684120080 0.028256699 -584.060955850 0.684395288 0.729110815 -0.000089591 -476.401635071 -0.020541029 0.019404041 0.999601140 17.871653724
2021-04-22-15-14-47-364 0.728828849 -0.684112664 0.028250096 -584.060963637 0.684387915 0.729117735 -0.000098079 -476.401457298 -0.020530602 0.019405501 0.999601326 17.871464389
2021-04-22-15-14-47-464 0.728837008 -0.684105147 0.028221583 -584.061004745 0.684379856 0.729125299 -0.000098717 -476.401303568 -0.020509591 0.019386226 0.999602132 17.871286305
2021-04-22-15-14-47-564 0.728834137 -0.684107482 0.028239107 -584.060920546 0.684382825 0.729122510 -0.000112972 -476.401193620 -0.020512538 0.019408691 0.999601636 17.871102894
2021-04-22-15-14-47-664 0.728830935 -0.684110007 0.028260614 -584.060837755 0.684385955 0.729119571 -0.000122100 -476.401088298 -0.020521891 0.019430151 0.999601027 17.870932698
2021-04-22-15-14-47-764 0.728833601 -0.684107670 0.028248430 -584.060823332 0.684383153 0.729122204 -0.000110973 -476.400975843 -0.020520694 0.019413623 0.999601372 17.870799269
2021-04-22-15-14-47-864 0.728833167 -0.684108601 0.028237067 -584.060828596 0.684383934 0.729121470 -0.000114426 -476.400923678 -0.020510026 0.019408386 0.999601693 17.870692297
2021-04-22-15-14-47-964 0.728833095 -0.684107739 0.028259786 -584.060757950 0.684383296 0.729122069 -0.000103902 -476.400878260 -0.020533808 0.019416246 0.999601052 17.870597127
2021-04-22-15-14-48-064 0.728829427 -0.684112146 0.028247697 -584.060783730 0.684386371 0.729119189 -0.000050371 -476.400779045 -0.020561532 0.019369044 0.999601398 17.870455040
2021-04-22-15-14-48-164 0.728827356 -0.684114823 0.028236310 -584.060872876 0.684388942 0.729116776 -0.000055920 -476.400737386 -0.020549366 0.019365367 0.999601719 17.870457616
2021-04-22-15-14-48-264 0.728830809 -0.684110749 0.028245868 -584.060901316 0.684384595 0.729120857 -0.000033694 -476.400637930 -0.020571655 0.019355589 0.999601450 17.870496231
2021-04-22-15-14-48-364 0.728832175 -0.684109173 0.028248814 -584.060930546 0.684383699 0.729121697 -0.000063986 -476.400654571 -0.020553105 0.019379657 0.999601365 17.870574323
2021-04-22-15-14-48-464 0.728834728 -0.684106436 0.028249206 -584.060935965 0.684381336 0.729123912 -0.000081918 -476.400681068 -0.020541184 0.019392928 0.999601353 17.870658615
2021-04-22-15-14-48-564 0.728843703 -0.684095837 0.028274316 -584.060913814 0.684371580 0.729133068 -0.000099374 -476.400703003 -0.020547810 0.019422560 0.999600641 17.870726467
2021-04-22-15-14-48-664 0.728842430 -0.684097609 0.028264285 -584.060966334 0.684373336 0.729131418 -0.000108095 -476.400691616 -0.020534484 0.019422101 0.999600924 17.870779439
2021-04-22-15-14-48-764 0.728853746 -0.684086070 0.028251719 -584.061084349 0.684360881 0.729143113 -0.000075572 -476.400615404 -0.020547902 0.019389445 0.999601283 17.870826715
2021-04-22-15-14-48-864 0.728862975 -0.684076986 0.028233598 -584.061213957 0.684351567 0.729151853 -0.000081693 -476.400625445 -0.020530750 0.019381243 0.999601794 17.870911695
2021-04-22-15-14-48-964 0.728873726 -0.684065206 0.028241463 -584.061231243 0.684340395 0.729162336 -0.000104139 -476.400685833 -0.020521428 0.019402673 0.999601570 17.871014699
2021-04-22-15-14-49-064 0.728838713 -0.684103448 0.028218758 -584.061315842 0.684377761 0.729127268 -0.000082128 -476.400603119 -0.020518936 0.019372143 0.999602213 17.871052628
2021-04-22-15-14-49-164 0.728842693 -0.684100227 0.028194055 -584.061262718 0.684374267 0.729130547 -0.000092243 -476.400647361 -0.020494097 0.019362510 0.999602909 17.870927439
2021-04-22-15-14-49-264 0.728848642 -0.684094207 0.028186312 -584.061181447 0.684367785 0.729136632 -0.000077084 -476.400672764 -0.020498995 0.019345981 0.999603130 17.870784453
2021-04-22-15-14-49-364 0.728855441 -0.684086481 0.028198014 -584.061052404 0.684360461 0.729143505 -0.000085848 -476.400746005 -0.020501725 0.019360170 0.999602798 17.870668721
2021-04-22-15-14-49-464 0.728859233 -0.684082597 0.028194199 -584.060969558 0.684356941 0.729146807 -0.000107212 -476.400833220 -0.020484423 0.019373032 0.999602904 17.870576525
2021-04-22-15-14-49-564 0.728862418 -0.684079529 0.028186324 -584.060907425 0.684353487 0.729150050 -0.000095939 -476.400877693 -0.020486483 0.019359329 0.999603127 17.870425663
2021-04-22-15-14-49-664 0.728874863 -0.684066666 0.028176691 -584.060819936 0.684340080 0.729162635 -0.000078783 -476.400936323 -0.020491551 0.019339855 0.999603400 17.870284808
2021-04-22-15-14-49-764 0.728865844 -0.684076563 0.028169705 -584.060808752 0.684349968 0.729153354 -0.000084719 -476.401020544 -0.020482134 0.019339679 0.999603597 17.870191103
2021-04-22-15-14-49-864 0.728875594 -0.684066442 0.028163209 -584.060782464 0.684339400 0.729163274 -0.000069229 -476.401094262 -0.020488275 0.019323645 0.999603781 17.870112333
2021-04-22-15-14-49-965 0.728874476 -0.684066818 0.028183002 -584.060768270 0.684339977 0.729162733 -0.000060352 -476.401212802 -0.020508764 0.019330738 0.999603224 17.869993081
2021-04-22-15-14-50-065 0.728842959 -0.684099745 0.028198867 -584.060801011 0.684370665 0.729133931 0.000064079 -476.401123809 -0.020604641 0.019251768 0.999602776 17.869797571
2021-04-22-15-14-50-165 0.728844252 -0.684097310 0.028224482 -584.060636221 0.684368821 0.729135661 0.000059260 -476.401274025 -0.020620070 0.019272758 0.999602053 17.869740646
2021-04-22-15-14-50-265 0.728843530 -0.684096576 0.028260920 -584.060433572 0.684369290 0.729135223 0.000035055 -476.401475454 -0.020630067 0.019315349 0.999601025 17.869707186
2021-04-22-15-14-50-365 0.728849759 -0.684090484 0.028247708 -584.060376264 0.684363232 0.729140910 0.000020952 -476.401640984 -0.020610947 0.019316415 0.999601399 17.869731173
2021-04-22-15-14-50-465 0.728851440 -0.684090663 0.028199957 -584.060392354 0.684361964 0.729142097 0.000046378 -476.401701595 -0.020593557 0.019265169 0.999602746 17.869774788
2021-04-22-15-14-50-565 0.728846725 -0.684093850 0.028244487 -584.060203730 0.684366516 0.729137827 0.000021943 -476.401871315 -0.020609188 0.019313583 0.999601490 17.869809990
2021-04-22-15-14-50-665 0.728839667 -0.684100257 0.028271430 -584.060065794 0.684374179 0.729130635 -0.000013559 -476.402066637 -0.020604344 0.019358112 0.999600728 17.869919368
2021-04-22-15-14-50-766 0.728823625 -0.684117977 0.028256190 -584.060062270 0.684391246 0.729114615 0.000004110 -476.402117395 -0.020604866 0.019335288 0.999601160 17.869980682
